0.034065 30
0.000026 269
0.114093 35
0.002286 71
0.000525 163
0.001130 273
0.000069 27
0.000123 7
0.000355 6
0.000108 8
3.252068 1
0.004956 91
0.099344 245
0.002562 82
0.161880 40
0.005864 42
0.147632 30
0.003026 70
0.145275 31
0.003819 33
0.164057 190
0.006116 64
0.230010 46
1.858080 30
0.348000 30
1.059264 30
0.079262 30
0.005907 71
0.117765 18
0.001073 19
5.314595 6
0.005565 11
0.420137 97
0.004600 33
0.213989 37
0.555696 41
0.005331 53
0.811099 8
0.865301 19
0.447312 16
2.946187 19
0.111150 16
1.296640 7
0.000209 8
0.002401 5
0.000589 39
0.004639 33
1.181671 1
0.074792 1
0.086342 1
0.326044 1
0.032746 1
0.076210 1
0.416177 6
0.000047 9
0.000064 5
0.040580 33
0.000985 137
0.002981 38
0.020030 19
0.000333 277
0.000030 27
0.000102 7
0.000502 8
2.166316 35
0.002962 164
0.435771 19
0.529258 16
0.003826 58
0.287665 3
0.004242 49
0.104961 16
0.447484 7
0.000065 8
0.003266 7
0.000305 37
0.008142 33
0.000992 131
0.000021 6
0.002411 38
0.018937 17
0.000015 2
0.000751 277
0.000038 27
0.000102 7
0.000446 8
0.475250 35
0.005393 164
0.350899 19
0.222695 16
0.301892 7
0.001389 8
0.001791 7
0.000252 37
0.007591 33
0.001273 137
0.003196 38
0.017956 19
0.000311 304
0.000063 7
0.000538 8
24.639709 4
0.001188 4
0.000301 1
0.000205 1
0.000589 1
0.000231 1
0.000668 1
0.000251 2
0.000221 1
0.000249 1
0.000226 1
0.000215 1
0.000219 1
0.000186 1
0.000242 1
0.000222 116
1.131959 143
0.003672 143
0.832403 7
0.001003 8
0.003632 43
0.020370 269
6.745318 1
0.261928 1
0.159784 1
0.097297 1
0.204777 1
0.766597 2
0.000182 9
0.012988 38
0.000085 27
0.000059 66
0.000047 40
0.000051 29
0.000087 109
0.000043 2
0.000051 116
0.000076 94
0.000043 88
0.000077 9
156.661472 1
0.234803 1
0.136828 1
2.432662 1
0.783952 11
0.056712 84
0.000030 9
2.774903 1
0.120052 1
0.090996 1
0.178796 1
0.553012 11
0.053550 93
2.398971 1
0.195355 1
0.168081 1
0.085910 1
0.114407 1
0.465720 411
6.613981 14
86.583911 1
0.049669 1
0.750648 1
0.135009 1
0.397656 1
0.094020 1
0.351286 1
1.014224 1
3.112295 1
0.240996 1
0.146642 1
9.291629 11
0.000345 432
3.495078 1
0.078392 1
0.188825 1
1.207730 11
0.027842 93
4.425679 1
0.242370 1
0.111491 1
0.093254 1
0.080364 1
0.516361 409
32.693741 42
0.858452 62
1.552952 11
0.058295 84
0.000113 9
5.149948 25
0.647628 45
0.650689 2
0.000250 9
0.048354 93
8.271852 38
0.542848 1
0.000058 57
0.802645 11
0.058999 93
5.795108 22
0.713768 42
0.778132 11
0.069478 93
10.754614 38
0.605520 58
1.447649 11
0.060618 84
0.000118 9
7.149996 22
0.829514 1
0.000035 41
0.064463 1
0.613892 2
0.000016 9
0.062078 84
0.000053 9
9.962438 1
0.603723 1
0.128336 1
0.055506 1
0.130154 1
0.549050 11
0.000009 38
0.000024 2
0.000028 25
0.000040 66
0.000152 177
0.000170 2
0.000033 76
0.000066 118
0.000005 84
0.000037 9
43.076951 1
0.261977 1
0.721136 1
0.293368 1
3.694094 2
0.000020 85
0.006969 76
0.001534 295
0.002723 38
0.021416 19
0.000217 273
0.000098 128
0.000164 7
0.002010 8
17.671707 9
0.000103 1
0.001036 3
0.002856 6
0.001155 4
0.000265 1
0.000187 1
0.000421 2
0.000596 1
0.000304 1
0.000284 1
0.000239 1
0.000235 1
0.000242 1
0.000592 183
0.722581 213
0.004307 159
0.653749 15
0.003691 1
0.000022 2
0.000473 38
0.000024 11
0.015441 103
0.003411 124
0.003468 295
0.002535 38
0.022288 328
0.000011 8
6.431501 8
0.000152 1
0.002845 11
0.000151 1
0.000210 1
0.000204 1
0.000168 121
0.688156 141
0.005256 170
0.003040 3
0.000227 26
0.000090 11
0.025827 262
0.000838 33
0.007527 38
0.022915 19
0.000681 273
0.001094 44
4.226172 5
0.000840 3
0.000155 2
0.000285 1
0.000246 1
0.000273 1
0.000347 1
0.000504 1
0.000234 81
0.406621 93
0.004246 68
0.002570 3
0.000260 29
0.001759 108
0.000448 262
0.000083 33
0.003387 38
0.030882 19
0.000085 273
0.000098 29
0.000332 7
0.001410 8
79.974504 1
0.003240 9
0.000039 1
0.000332 1
0.000178 1
0.000198 1
0.000279 1
0.000264 2
0.000217 1
0.000265 2
0.000450 1
0.000264 1
0.000268 1
0.000249 1
0.000242 1
0.000218 1
0.000703 4
0.002805 192
0.998588 219
0.004597 171
2.249634 7
0.000108 8
0.003382 3
0.000287 39
0.000003 13
0.022191 573
0.000317 145
0.098648 262
0.000158 27
0.000006 6
0.003346 38
0.029408 328
0.001737 8
13.303746 10
0.000012 2
0.000263 2
0.000243 1
0.000399 1
0.000326 1
0.000271 1
0.000265 1
0.000309 2
0.000257 1
0.000307 2
0.000246 1
0.000201 1
0.000205 1
0.000269 1
0.000220 1
0.000205 1
0.000544 1
0.000151 1
0.000209 1
0.000398 1
0.000124 2
0.000271 1
0.000472 1
0.000191 1
0.001182 4
0.001901 227
0.740888 267
0.006445 153
0.937250 7
0.000770 8
0.003389 3
0.000166 57
0.106176 295
0.006395 38
0.031610 328
0.003833 8
25.274556 6
0.000862 4
0.001179 7
0.000247 1
0.000291 1
0.000212 1
0.000276 1
0.000221 1
0.000213 1
0.000261 1
0.000233 1
0.000592 1
0.000148 136
0.686418 159
0.005059 98
1.164552 7
0.000092 8
0.002608 3
0.000291 39
0.014264 262
0.001018 33
0.002941 38
0.027071 328
0.000277 8
4.149754 6
0.000024 2
0.002815 7
0.000490 1
0.000244 1
0.000257 1
0.000252 1
0.000740 1
0.000014 2
0.000231 1
0.000504 1
0.000919 138
0.839649 159
0.003791 98
0.000064 7
0.000148 8
0.002703 3
0.001081 39
0.013704 289
0.000069 6
0.004406 38
0.017345 19
0.000203 302
0.000094 7
0.000401 8
10.246563 6
0.000352 3
0.001376 3
0.000059 2
0.000264 1
0.000257 1
0.000392 1
0.000440 1
0.000203 1
0.000274 1
0.000227 1
0.000210 1
0.000286 2
0.000392 1
0.000214 1
0.000346 1
0.000417 1
0.000184 1
0.000209 1
0.000205 1
0.000231 1
0.000457 1
0.000214 1
0.000253 1
0.001092 1
0.000204 180
0.814502 209
0.003365 213
1.030338 15
0.002712 3
0.000285 49
0.038391 295
0.008479 38
0.024334 19
0.002483 273
0.000535 36
0.001208 8
9.034703 6
0.000796 3
0.000199 1
0.003075 3
0.001053 6
0.000281 1
0.000196 1
0.000325 1
0.000212 1
0.000379 1
0.000128 1
0.000822 1
0.003484 4
0.000027 8
0.000261 1
0.000234 2
0.000236 1
0.000235 1
0.000272 1
0.000235 1
0.000243 1
0.000281 1
0.000227 1
0.000220 1
0.000245 1
0.000214 1
0.000311 261
0.771678 309
0.001597 11
0.004411 84
2.560824 7
0.000716 8
0.002847 67
0.027750 262
0.001301 33
0.002399 38
0.022186 17
0.001410 311
0.000185 8
18.962924 8
0.001566 1
0.000962 2
0.002436 10
0.000293 1
0.000140 116
0.850215 135
0.007760 149
0.000163 7
0.000125 8
0.003896 3
0.000349 35
0.016000 167
0.006919 262
0.000032 27
0.000027 6
0.005156 38
0.022913 17
0.000023 2
0.000829 273
0.000024 29
0.000146 7
0.002744 8
5.251627 1
0.001479 3
0.000283 1
0.003195 5
0.000016 8
0.000422 1
0.000171 1
0.000395 1
0.000182 1
0.000251 1
0.000265 1
0.000258 1
0.000275 1
0.000275 1
0.000239 1
0.000418 1
0.000337 151
0.537949 177
0.005559 202
0.001723 3
0.000737 32
0.000067 13
0.035013 718
0.001786 262
0.000626 33
0.003954 38
0.023530 17
0.002342 2
0.000906 302
0.000106 7
0.000467 8
32.602175 1
0.000008 3
0.000462 1
0.000362 1
0.000527 2
0.006273 9
0.001354 121
0.694779 135
0.003164 156
0.000786 8
0.005715 3
0.000763 35
0.015761 192
0.003021 262
0.000169 27
0.003248 6
0.001916 38
0.024447 17
0.000016 319
7.852860 1
0.000983 7
0.001993 4
0.000293 2
0.000210 1
0.000223 1
0.000325 1
0.000238 1
0.000274 1
0.000454 2
0.000379 1
0.000243 1
0.000281 1
0.000285 1
0.000273 1
0.000361 1
0.000240 1
0.000311 1
0.000441 1
0.000287 1
0.000137 161
0.743427 189
0.007992 113
0.002261 3
0.000146 44
0.026166 206
0.004315 262
0.000202 33
0.006469 38
0.027513 17
0.001894 2
0.000801 302
0.000113 7
0.000494 8
5.934430 1
0.000337 3
0.000146 1
0.000446 3
0.001932 7
0.000237 1
0.000350 1
0.000112 91
0.647003 105
0.005551 98
0.000133 7
0.000144 8
0.003828 3
0.000488 30
0.012515 91
0.000088 2
0.000129 85
0.000060 2
0.004389 262
0.002233 33
0.004658 38
0.022097 19
0.000285 302
0.000059 7
0.000502 8
9.933194 10
0.001018 2
0.000025 84
0.372938 93
0.004795 101
0.002388 3
0.001396 26
0.016056 44
0.000017 49
0.000039 2
0.003074 295
0.003712 38
0.025220 17
0.000179 2
0.001068 302
0.000087 7
0.000485 8
5.792536 1
0.000666 47
0.485614 45
0.001944 29
0.001507 15
0.001644 1
0.001056 19
0.004409 1000
0.000481 33
0.003228 38
0.017129 19
0.000533 273
0.000067 29
0.000119 7
0.000579 8
22.950688 1
0.005799 11
0.000018 27
0.269257 21
0.002588 29
0.200873 25
0.002320 42
0.110321 30
0.001976 49
1.123953 7
0.000602 8
0.000990 1
0.000517 20
