0.015189 30
0.000035 269
0.156699 6
0.000659 29
0.001087 71
0.000417 175
0.001402 273
0.001264 48
17.344690 1
0.001217 3
0.003390 2
0.001024 1
0.002860 4
0.000885 1
0.000874 1
0.001793 4
0.000348 1
0.000376 1
0.000442 1
0.000439 1
0.000388 1
0.000338 1
0.000360 1
0.000334 126
0.559098 147
0.010453 113
1.256946 7
0.000227 8
0.005270 3
0.000443 48
0.003619 116
0.000270 33
0.003338 38
0.033846 19
0.001238 403
0.000047 7
0.000672 8
1.388781 1
0.008086 36
0.011998 122
0.453101 15
0.006656 7
0.000382 48
0.003423 116
0.000312 33
0.004459 38
0.027802 19
0.002957 410
0.000116 8
2.395751 36
0.010806 122
0.679617 19
0.125105 16
0.342118 7
0.000209 8
0.006079 7
0.000490 48
0.003541 116
0.000140 33
0.003277 38
0.029910 19
0.003362 418
11.122827 1
0.000306 3
0.001537 2
0.001134 3
0.000051 1
0.000668 1
0.000353 1
0.000573 1
0.001851 3
0.003697 2
0.000070 1
0.000414 1
0.000400 1
0.000342 1
0.001108 1
0.001072 121
0.677263 141
0.010258 155
0.520517 15
0.004312 1
0.000028 2
0.000840 26
0.000025 11
0.007542 33
1.125491 1
0.041660 1
0.061106 1
0.272244 1
0.034145 1
0.049361 1
0.301207 20
0.087882 33
0.004401 116
0.000265 27
0.000223 6
0.005584 38
0.026465 17
0.000935 2
0.000627 304
0.000016 7
0.000766 8
1.846803 1
1.229009 35
0.007095 164
0.629209 19
0.189610 16
0.131029 15
0.003477 44
0.013149 33
0.002796 149
0.004948 38
0.023829 19
0.000055 277
0.000027 27
0.000119 7
0.000624 8
7.998815 1
0.001298 3
0.000031 1
0.001055 1
0.001604 2
0.000830 1
0.000382 1
0.000801 2
0.001643 1
0.000436 1
0.000851 1
0.002236 93
0.699960 105
0.015598 86
0.282288 15
0.002790 3
0.000559 20
0.000076 8
0.139570 33
0.500385 33
0.500718 33
0.502085 101
0.347729 152
0.001598 101
0.149695 101
0.080843 270
0.240448 169
0.000173 103
0.503621 97
0.000053 4
0.235707 316
0.004504 101
0.141215 101
0.101528 272
0.359513 256
0.282304 168
0.142747 101
0.157167 177
0.002206 162
0.000569 159
0.318669 83
0.084241 240
0.004418 175
0.291156 84
0.465637 251
0.020724 98
0.002867 332
0.000053 101
0.003203 97
0.000169 4
0.001444 101
0.075375 101
0.367484 268
0.001043 98
0.000652 160
0.001369 180
0.000158 101
0.009051 101
0.504698 101
0.010144 644
0.001833 444
0.000505 97
0.000166 4
0.009828 179
0.000125 97
0.000042 4
0.008381 98
0.002065 182
0.001128 179
0.000282 101
0.004798 179
0.003621 280
0.186175 541
0.031418 384
0.230679 185
0.002090 101
0.071501 185
0.033971 93
0.000348 176
0.001025 91
0.001205 4
0.001709 85
0.000474 192
0.000380 4
0.101037 175
0.000038 4
0.000197 101
0.004142 98
0.000206 77
0.000088 4
0.121142 79
0.001848 189
0.502685 287
0.001195 101
0.194411 101
0.043485 288
0.002433 93
0.000082 295
0.136771 97
0.001018 4
0.000051 101
0.001195 101
0.377352 101
0.000812 101
0.080341 98
0.000139 77
0.000133 4
0.176913 470
0.166577 101
0.343487 283
0.042879 101
0.002424 101
0.001959 285
0.138019 101
0.022844 287
0.002557 101
0.047772 101
0.022196 93
0.000039 195
0.001056 287
0.000398 490
0.000089 183
0.000071 101
0.009812 283
0.125284 101
0.003034 101
0.002651 101
0.001012 202
0.000458 101
0.000061 101
0.007584 286
0.000644 97
0.003758 395
0.004986 101
0.001565 101
0.005506 101
0.000419 202
0.354403 288
0.004090 489
0.006503 490
0.000662 189
0.000073 101
0.001504 179
0.000376 101
0.005515 179
0.241203 101
0.003889 290
0.005418 101
0.000044 101
0.000376 101
0.500467 101
0.501040 101
0.290682 279
0.002746 4
0.000421 101
0.124021 101
0.034300 571
0.004746 97
0.000144 97
0.000250 101
0.067528 101
0.000082 101
0.009533 202
0.009000 101
0.501124 101
0.505651 101
0.497574 289
0.000317 101
0.014849 475
0.263600 101
0.000623 101
0.155914 101
0.000593 202
0.157499 287
0.002848 97
0.000628 4
0.149639 101
0.500522 101
0.009871 485
0.001498 4
0.177778 97
0.002529 4
0.292993 391
0.008803 383
0.000698 587
0.033448 97
0.000143 4
0.000449 97
0.000048 4
0.014422 97
0.000060 4
0.000230 97
0.001432 4
0.002581 97
0.000082 4
0.000410 97
0.000075 4
0.000661 97
0.000062 4
0.000597 97
0.000076 4
0.000210 97
0.000059 4
0.000063 93
0.000130 45
0.000056 2
2.181485 50
0.017863 150
0.000095 50
0.000048 50
0.005832 500
0.000589 50
0.000108 50
0.006616 50
0.045130 50
0.000085 50
0.034031 100
0.012912 100
0.015987 100
0.011092 100
0.000016 50
0.003838 150
0.000022 100
0.595538 51
0.156032 51
0.000044 51
0.157446 102
0.049771 102
0.253105 51
0.000029 51
0.019299 102
0.004232 102
0.003911 102
0.003152 51
0.000163 51
0.051048 51
0.000150 51
0.017560 51
0.001478 51
0.000012 51
0.014067 102
0.041513 102
0.001377 102
0.017652 102
0.056660 102
0.016984 102
0.010458 102
0.004723 102
0.000216 102
0.000725 102
0.002442 102
0.000620 102
0.000349 102
0.001685 102
0.000387 102
0.001199 51
0.000113 51
0.019185 102
0.005946 102
0.007634 102
0.015381 102
0.000159 102
0.011863 102
0.015085 102
0.011892 102
0.009601 102
0.000515 102
0.000279 102
0.218497 102
0.158345 62
0.041551 132
0.001177 66
0.075133 134
0.221161 292
0.033280 131
0.013706 116
0.000014 27
0.000074 6
0.003753 38
0.038394 19
0.002804 396
0.000296 7
0.001398 8
2.915322 1
0.000971 3
0.001600 2
0.000704 2
0.000550 1
0.000624 1
0.000419 2
0.001184 2
0.000318 1
0.001537 1
0.003832 5
0.000254 1
0.000433 1
0.000481 1
0.000410 1
0.000424 1
0.000379 1
0.000421 2
0.000484 1
0.001254 1
0.000618 1
0.000554 1
0.000430 1
0.000330 1
0.000372 1
0.000455 1
0.000365 1
0.000420 1
0.000461 2
0.000357 1
0.000205 216
0.784907 255
0.013727 86
1.566275 15
0.005474 3
0.000567 53
0.104994 50
0.016744 114
0.006452 132
0.075169 134
0.248849 292
0.033621 106
0.473323 57
0.087754 76
0.025991 399
0.015434 33
0.500173 33
0.511594 33
0.510431 33
0.503381 33
0.500771 33
0.510512 33
0.513742 33
0.501507 33
0.502267 33
0.517288 33
0.509599 33
0.500413 72
0.500730 115
0.444389 235
0.507953 43
0.501206 43
0.500266 43
0.500390 44
0.505212 44
0.507425 44
0.501304 44
0.500012 44
0.351498 144
0.735403 16
0.045028 40
0.000558 1
0.069064 40
0.003398 355
0.018133 44
0.092838 44
0.090022 44
0.088270 44
0.131420 43
0.000017 1
0.117476 44
0.099360 44
0.098674 44
0.511623 44
0.086914 44
0.112858 184
0.029260 154
0.000089 70
0.011707 132
0.000035 2
0.002785 99
0.132394 134
0.078860 71
0.002984 64
0.000605 70
0.008523 56
0.536343 134
0.009765 82
0.801055 85
0.067184 90
0.001419 2
0.056971 64
6.429246 150
3.358877 20
0.049189 149
0.003559 38
0.023386 17
0.001039 2
0.001028 411
4.299626 1
0.000365 3
0.000954 1
0.002301 3
0.000505 1
0.000557 1
0.000670 1
0.000989 1
0.000660 1
0.000786 1
0.002259 6
0.000355 1
0.000613 1
0.000528 1
0.000545 1
0.000408 1
0.000398 1
0.000443 1
0.000348 2
0.000388 1
0.000358 1
0.000348 1
0.000471 1
0.000469 1
0.000375 1
0.000364 1
0.000388 1
0.000284 191
1.232925 225
0.002228 8
0.012146 164
0.942272 15
0.005738 5
0.000026 2
0.000717 40
0.000039 13
0.024021 238
0.005779 116
0.000535 27
0.001031 6
0.004983 38
0.028582 19
0.001185 277
0.000036 27
0.000155 7
0.000958 8
13.979477 38
0.000050 11
0.011305 180
0.365364 1
0.504631 1
0.033199 1
0.028249 1
0.031184 1
0.031063 1
0.032255 1
0.031753 1
0.031936 1
0.030772 1
0.031511 1
0.029696 1
0.030575 1
0.030050 1
0.033921 1
0.032334 1
0.030972 1
0.030829 1
0.038764 1
0.666807 74
0.155208 71
0.094641 71
1.833097 15
0.006441 7
0.000610 56
0.011251 150
0.000433 833
0.000007 128
0.000895 108
0.001619 116
0.001344 33
0.004643 38
0.021312 19
0.000852 311
0.003092 8
3.043686 52
0.013581 180
0.427713 1
0.195714 1
0.135650 1
0.503862 1
0.031795 1
0.029541 1
0.031469 1
0.031293 1
0.031051 1
0.030197 1
0.035466 1
0.031539 1
0.026763 1
0.031366 1
0.030472 1
0.032100 1
0.031113 1
0.031627 1
0.034877 1
0.028612 1
0.665036 4
0.357981 72
0.199127 72
0.362979 70
1.320264 72
0.495213 72
0.030259 70
0.040738 89
0.009880 86
0.022370 101
0.029672 101
0.035882 101
0.003210 49
0.029663 89
0.010739 42
0.020597 101
0.023453 101
0.031739 81
0.005895 97
0.025674 160
0.033424 193
0.007417 142
0.017860 112
0.007283 27
0.032802 89
0.005371 20
0.025866 81
0.002699 94
0.213242 4
0.513035 4
0.025941 4
0.035229 4
0.027838 4
0.033912 4
0.030633 4
0.033947 4
0.029126 4
0.029466 4
0.031559 4
0.031080 4
0.031097 4
0.032190 4
0.034017 4
0.028404 4
0.031233 4
0.033789 4
0.031747 4
0.033532 5
0.165990 11
0.501265 19
0.032006 19
0.030139 19
0.027178 19
0.033195 19
0.035151 19
0.031342 19
0.031524 19
0.028320 8
0.030998 1
0.026975 32
0.035062 32
0.031614 32
0.032718 32
0.037548 32
0.033431 32
0.024376 34
0.032684 14
0.030794 1
35.269077 4
0.002048 1
0.001985 1
0.001056 2
0.001148 1
0.000887 1
0.001441 1
0.000980 1
0.002496 2
0.004996 3
0.003514 1
0.001006 2
0.000870 1
0.000883 2
0.002260 1
0.000538 1
0.000545 1
0.002645 1
0.001853 1
0.000119 1
0.000766 1
0.000791 2
0.004065 1
0.001788 2
0.000140 1
0.001445 2
0.000885 210
0.631482 243
0.023623 171
0.804952 15
0.006583 1
0.000044 2
0.000562 43
0.000006 13
0.017992 718
0.114658 143
0.001338 6
0.004871 38
0.034655 19
0.001055 300
0.000138 7
0.000612 8
8.870958 4
0.000548 1
0.000599 1
0.000700 2
0.000789 1
0.001160 1
0.000851 1
0.001074 1
0.000652 1
0.000553 1
0.000617 1
0.000472 1
0.000453 1
0.000502 2
0.000447 1
0.000433 2
0.000508 1
0.000448 2
0.000669 1
0.000031 1
0.000433 1
0.000443 1
0.000400 1
0.000316 1
0.000320 1
0.000316 2
0.000341 1
0.000278 1
0.000311 1
0.000407 1
0.000429 1
0.000434 1
0.000371 1
0.000397 1
0.000267 211
0.000020 2
0.000019 3
0.681535 255
0.021638 183
0.726750 15
0.006638 3
0.000354 60
0.015931 78
0.003557 54
0.007180 256
0.030687 615
0.004752 116
0.000513 27
0.000012 6
0.011171 38
0.029675 19
0.001009 273
0.000199 27
0.000253 7
0.000529 8
23.946642 1
0.014722 102
0.091600 45
0.006830 27
0.142977 25
0.004630 42
0.128235 30
0.003561 70
0.135275 31
0.010799 33
3.580374 6
0.014699 20
0.073517 30
0.214022 238
0.014941 28
0.141060 30
0.338557 30
0.010056 60
0.334821 18
0.007111 19
3.623194 6
0.010573 11
0.857320 21
0.139826 70
0.471995 16
0.118066 16
0.143153 16
0.173052 16
0.012061 18
0.344178 1
0.232013 16
2.878134 16
0.013730 52
0.106083 1
0.094916 1
1.054520 1
0.545914 1
3.711368 7
0.001083 8
0.002380 5
0.000319 38
0.012965 116
0.000203 33
0.004593 38
0.026113 326
0.000451 8
6.298295 23
0.007282 157
0.302881 19
0.024121 12
0.089589 21
0.011656 77
0.618925 7
0.001044 8
0.004878 41
0.013581 116
0.000066 33
0.005293 38
0.023145 17
0.000081 2
0.003589 315
39.146139 1
0.014875 20
0.000680 57
0.719889 30
0.006006 27
0.117584 25
0.016038 42
0.104907 30
0.007265 70
0.118195 31
0.006490 33
0.120000 6
0.020963 20
0.136283 131
0.442585 32
0.005615 32
0.258387 131
0.021644 48
0.286519 46
0.922163 178
0.113627 30
0.543021 32
0.134814 32
0.013146 49
0.195412 46
0.058379 30
0.010208 60
0.302021 18
0.010896 19
0.439834 6
0.011524 11
2.893558 21
1.137229 21
0.117075 21
0.085714 127
0.014208 18
0.372949 1
0.016346 42
0.222385 37
0.329322 21
1.053216 21
0.089785 21
1.172738 103
3.335026 16
0.012333 18
0.154923 1
0.023616 11
0.665115 16
0.094307 16
0.506731 16
0.075955 16
0.144548 16
0.417524 16
0.692451 16
0.095220 16
0.243801 16
0.536125 16
0.130675 16
0.714593 15
0.006452 53
0.042680 143
0.000041 6
0.007536 38
0.026887 19
0.000333 273
0.001135 42
2.208458 33
0.019048 208
0.357857 1
0.501166 1
0.028781 1
0.033324 1
0.033510 1
0.033507 1
0.025905 1
0.032148 1
0.026105 1
0.030380 1
0.033893 1
0.029445 1
0.030275 1
0.038627 1
0.024851 1
0.361058 4
0.200828 4
0.563207 94
0.083990 92
0.306728 4
0.500160 4
0.027684 4
0.032147 4
0.032002 4
0.029872 4
0.031246 4
0.031604 4
0.031231 4
0.028408 4
0.033292 4
0.032551 4
0.030008 4
0.349265 19
0.103318 16
0.659942 7
0.000044 8
0.004065 3
0.000276 48
0.063835 149
0.001856 38
0.029259 19
0.000482 300
0.000039 7
0.000573 8
21.494322 1
0.000892 3
0.000474 1
0.000666 1
0.000976 2
0.000865 1
0.001072 1
0.002468 1
0.001020 1
0.001155 2
0.001325 1
0.001024 2
0.000965 1
0.000969 1
0.000837 2
0.000839 1
0.000967 1
0.001037 1
0.001340 1
0.000510 1
0.001042 1
0.000879 1
0.002497 3
0.000825 1
0.000879 1
0.001288 1
0.001028 1
0.000900 1
0.000892 1
0.001024 1
0.001035 1
0.002123 3
0.000290 216
0.571706 255
0.026705 218
1.064426 15
0.009273 58
0.010625 154
0.002702 116
0.000291 33
0.005509 38
0.039828 338
49.009323 1
0.001952 4
0.000266 1
0.003171 2
0.005042 1
0.002710 1
0.002799 1
0.002584 1
0.000955 2
0.002334 1
0.000784 1
0.003334 1
0.000789 1
0.001037 1
0.000915 1
0.001043 1
0.003402 117
0.699490 135
0.016547 149
0.451640 15
0.003636 1
0.000045 2
0.000483 25
0.000532 10
0.021660 124
0.002269 143
0.000034 6
0.003729 38
0.028703 17
0.000030 2
0.001728 273
0.000042 27
0.000166 7
0.000885 8
0.485656 34
0.014302 158
0.665625 19
0.137992 16
0.241280 19
0.116129 16
0.416165 7
0.000076 8
0.004968 7
0.000679 35
0.021607 175
0.002072 116
0.002964 33
0.006578 38
0.026583 19
0.000981 273
0.000765 42
41.643281 4
0.002141 4
0.000660 1
0.000691 1
0.000618 1
0.000597 1
0.000836 1
0.000489 1
0.000643 1
0.001670 3
0.000411 1
0.000607 1
0.000574 1
0.000465 1
0.000617 1
0.000743 1
0.000542 1
0.000680 1
0.000448 1
0.002508 147
0.680498 171
0.017515 182
0.537147 7
0.000325 8
0.003740 3
0.000511 44
0.022840 718
0.004746 116
0.000024 33
0.003235 38
0.027787 19
0.000923 300
0.000798 15
5.397692 1
0.000332 3
0.001187 1
0.001463 1
0.001285 2
0.001257 1
0.001123 1
0.001045 1
0.001271 1
0.001651 2
0.001264 1
0.000917 1
0.000954 1
0.001191 1
0.000307 1
0.000744 1
0.003593 3
0.000606 2
0.000993 1
0.000496 1
0.000502 1
0.000484 2
0.000499 1
0.000536 1
0.000453 1
0.000552 1
0.000557 1
0.000603 1
0.000467 1
0.000485 1
0.000503 1
0.000490 1
0.000303 1
0.000183 211
0.640055 249
0.007215 168
0.000303 7
0.000172 8
0.005696 3
0.001079 54
0.020735 313
0.002797 38
0.023566 19
0.001335 300
0.002258 15
8.175436 1
0.009640 68
0.136795 33
0.150682 25
0.006935 26
0.202894 6
0.266384 6
0.589796 117
0.001782 7
0.000239 8
0.003903 5
0.002802 17
0.003469 378
0.000094 289
0.000016 69
0.000378 116
0.000238 33
0.003732 38
0.028084 326
0.000361 8
29.749140 1
0.001320 3
0.002514 1
0.001204 1
0.002319 1
0.003454 2
0.002911 2
0.001023 1
0.000638 1
0.004139 1
0.002225 2
0.001123 1
0.003260 1
0.001231 1
0.001217 1
0.002842 1
0.000823 1
0.000849 1
0.000819 1
0.002849 1
0.001126 1
0.000029 133
0.000016 3
0.823824 159
0.005319 80
0.000546 7
0.000682 8
0.004839 3
0.000523 53
0.005923 110
0.000884 104
0.000016 2
0.000384 116
0.001676 33
0.006720 38
0.024861 326
0.000377 8
9.431215 1
0.000715 3
0.002037 2
0.001264 2
0.001398 1
0.001569 1
0.001710 2
0.001363 1
0.001059 2
0.000965 1
0.000829 1
0.000987 1
0.000726 1
0.000788 1
0.000820 1
0.000805 1
0.000854 1
0.000831 1
0.000941 1
0.002502 137
0.656235 159
0.018353 170
0.390433 15
0.002712 3
0.000438 40
0.026471 116
0.000426 33
0.010856 38
0.031624 19
0.001632 300
0.000141 7
0.000738 8
0.389181 25
0.001728 13
0.014940 179
0.726560 19
0.019537 71
0.191283 1
0.016271 70
0.052946 16
0.004354 83
0.512327 3
0.013394 70
0.635199 7
0.000262 8
0.006298 47
0.019535 116
0.000163 33
0.004287 38
0.023350 19
0.000639 273
0.000076 27
0.000165 7
0.000678 8
11.334844 1
0.014859 38
0.202913 21
0.006644 29
0.124097 25
0.016121 42
0.185103 30
0.009714 49
0.464838 7
0.000221 8
0.001953 1
0.000027 2
0.000381 9
0.000778 9
