0.033708 299
0.111171 6
0.000445 29
0.000851 71
0.000247 163
0.001418 307
0.002119 14
3.755004 37
0.002854 126
0.320877 152
0.624723 15
0.001323 3
0.000342 20
0.004454 45
0.000024 156
0.000219 94
0.000014 2
0.000311 104
0.000246 33
0.002506 38
0.014535 19
0.000796 300
0.000082 7
0.000441 8
1.244375 1
0.003385 20
0.000289 71
0.306133 245
0.002860 70
0.388754 40
0.002707 42
0.149473 30
0.001149 70
0.309371 31
0.001972 33
0.617223 118
0.003038 20
0.000198 24
0.503831 42
0.002573 47
0.286121 7
0.000334 8
0.002250 5
0.000256 28
0.013129 33
1.006203 1
0.205739 1
0.245593 1
0.250856 1
0.246963 1
0.206999 1
0.309048 6
0.000697 6
0.000013 8
0.043955 81
0.000014 32
0.000013 62
0.000011 2
0.000079 309
0.000030 2
0.000108 325
0.000533 84
0.000403 32
0.000012 261
0.001508 104
0.000520 33
0.002361 38
0.020072 19
0.000019 273
0.000040 27
0.000139 7
0.000690 8
12.219778 1
0.003089 20
0.001040 47
0.141590 30
0.000707 27
0.179355 25
0.002908 42
0.177051 30
0.002514 70
0.098386 31
0.001353 33
0.189630 55
0.006547 47
0.000018 2
0.000014 11
0.827929 104
0.002398 115
0.613624 15
0.002651 3
0.000254 40
0.034045 52
0.019509 104
0.000267 33
0.004208 38
0.017946 19
0.000921 300
0.000008 7
0.000486 8
7.990908 8
0.000695 1
0.000021 2
0.000969 3
0.000554 1
0.000245 1
0.000901 86
0.723327 99
0.007029 122
0.594175 11
0.391449 15
0.001902 5
0.000350 33
0.018168 388
0.017060 137
0.005957 38
0.021999 19
0.000767 300
0.000031 7
0.000531 8
49.992522 10
0.000051 1
0.000220 1
0.001482 1
0.000404 1
0.000710 1
0.000243 2
0.003727 5
0.000298 1
0.003002 3
0.002296 172
0.977193 195
0.001196 8
0.003953 158
1.270751 7
0.002088 8
0.000982 7
0.000306 48
0.030665 47
0.013548 131
0.000088 6
0.006060 38
0.024885 19
0.000025 273
0.000049 27
0.000113 7
0.000641 8
11.041048 1
0.002952 92
0.122219 45
0.000434 27
0.148821 25
0.006047 42
0.109992 30
0.001110 70
0.149166 31
0.001636 33
1.031809 6
0.006084 20
0.110435 30
1.414950 178
1.300003 30
0.321693 30
0.365874 30
0.340950 30
0.356054 32
0.165947 30
0.125308 30
0.140472 30
0.002879 99
4.525401 15
0.005140 38
0.014795 646
0.022964 131
0.000129 6
0.004268 38
0.016099 17
0.000885 2
0.000103 273
0.000025 27
0.000111 7
0.000549 8
3.535187 301
0.050587 301
0.034848 274
0.000731 27
0.079321 301
0.118750 301
0.101556 301
30.328135 5
0.000575 3
0.000947 1
0.001531 1
0.000225 1
0.000230 1
0.000257 1
0.000227 1
0.000202 1
0.000232 2
0.000253 1
0.000232 2
0.000207 1
0.000214 2
0.000231 1
0.000518 2
0.000671 4
0.000321 1
0.002462 233
1.886185 261
0.002129 1
0.005869 116
0.558590 11
1.400167 7
0.000077 8
0.003600 5
0.000358 59
0.056898 38
0.000270 2
0.020878 104
0.001057 33
0.002992 38
0.015103 19
0.000837 300
0.000559 15
6.235276 1
0.006321 95
0.117950 30
0.001793 27
0.134786 25
0.002898 42
0.146690 30
0.002040 70
0.170119 31
0.001472 33
0.208007 6
0.003056 12
0.242854 18
0.003997 31
0.413512 233
1.119645 30
0.576287 30
0.301115 30
0.137404 30
0.138743 30
0.165469 30
0.002281 99
0.692054 15
0.000100 3
0.000294 33
0.024966 608
0.028409 104
0.000169 33
0.002742 38
0.019261 19
0.000726 300
0.000142 7
0.000440 8
37.337230 7
0.001873 35
0.840286 35
0.003745 40
0.406315 7
0.000099 8
0.001446 3
0.000487 20
0.003006 373
0.000005 74
0.000472 104
0.000157 33
0.002400 38
0.017465 19
0.001292 307
0.000410 8
26.304785 10
0.000910 4
0.000221 1
0.000196 1
0.000260 2
0.000276 1
0.000267 1
0.000994 3
0.000171 1
0.000242 1
0.000221 1
0.000372 1
0.000211 1
0.000243 1
0.000215 1
0.000206 1
0.000200 1
0.000222 1
0.000321 1
0.000306 1
0.000210 1
0.000208 1
0.000231 1
0.000225 1
0.000201 1
0.000119 206
1.447798 244
0.002808 243
0.401963 11
0.722821 7
0.000665 8
0.004322 62
0.010495 28
0.008285 183
0.000011 25
0.000097 148
0.000085 57
0.000075 52
0.001447 54
0.053910 83
0.001446 10
0.025343 16
0.004096 137
0.002051 38
0.017686 19
0.004101 307
0.000112 8
36.771633 11
0.000125 1
0.001853 4
0.000101 1
0.000890 2
0.000073 1
0.000179 1
0.001674 7
0.000110 1
0.000175 151
1.096681 177
0.000797 1
0.005281 98
0.360708 11
0.807642 7
0.000091 8
0.002300 5
0.000300 42
0.013211 104
0.000099 33
0.002776 38
0.022748 19
0.000010 273
0.000035 27
0.002741 7
0.000502 8
6.078845 8
0.000883 2
0.000056 1
0.000312 1
0.000231 2
0.000216 1
0.000315 1
0.000219 1
0.000389 1
0.000817 3
0.000165 1
0.000256 1
0.000227 1
0.000802 3
0.000066 1
0.000219 1
0.000210 1
0.000206 1
0.000230 1
0.001096 4
0.000051 2
0.000204 1
0.000259 1
0.000392 1
0.000426 1
0.000218 1
0.000259 1
0.000434 1
0.000615 2
0.000072 1
0.000371 1
0.000537 2
0.000408 1
0.000169 1
0.000228 271
0.945151 321
0.000258 1
0.005100 305
0.311568 11
0.843844 15
0.003483 61
0.000522 10
0.018381 137
0.002934 38
0.017828 326
0.000487 8
5.215394 6
0.000227 42
0.862832 45
0.001417 1
0.001314 29
0.328697 10
0.003007 15
0.516669 15
0.001119 7
0.000062 8
0.002054 5
0.000188 17
0.002183 221
0.000155 594
0.000349 104
0.000138 33
0.004302 38
0.018275 19
0.000793 273
0.000025 27
0.000163 7
0.000611 8
5.789989 301
0.027586 301
0.030631 301
0.030478 301
0.032818 301
0.033563 301
0.033916 301
0.034106 301
0.031001 301
0.034099 301
0.380863 274
0.000086 27
0.048810 301
0.044780 301
0.024898 301
0.036789 301
0.033293 301
0.030346 301
0.036706 301
0.097576 301
39.639959 1
0.000650 5
0.001327 2
0.000467 2
0.000132 1
0.001382 4
0.000094 1
0.000855 3
0.000059 1
0.000284 1
0.000619 2
0.001908 10
0.000055 1
0.000241 1
0.000200 1
0.000213 1
0.000264 1
0.000221 1
0.000216 1
0.000203 1
0.000227 1
0.000300 1
0.000258 1
0.000190 1
0.000959 5
0.000173 1
0.000247 1
0.000227 1
0.000217 2
0.000201 1
0.000229 1
0.000245 1
0.000189 1
0.000205 1
0.000211 1
0.000256 1
0.000286 2
0.000204 2
0.000213 1
0.000508 2
0.000245 2
0.000215 1
0.000257 1
0.000320 1
0.000215 2
0.000199 1
0.001096 1
0.000038 6
0.000659 2
0.000175 1
0.000257 1
0.000563 1
0.000033 1
0.001638 1
0.001606 1
0.000007 460
0.894955 545
0.007175 537
2.462290 7
0.000035 8
0.004153 3
0.000360 91
0.015671 61
0.003293 125
0.000927 33
0.002802 38
0.016878 17
0.000030 2
0.000800 273
0.000022 27
0.000095 7
0.000474 8
5.560876 1
0.000006 4
0.000156 1
0.000243 2
0.000533 1
0.000182 1
0.000237 1
0.000245 1
0.000229 2
0.000546 1
0.000121 76
0.000444 5
0.655210 93
0.003753 98
0.531308 11
0.567051 7
0.000578 8
0.002029 5
0.000080 28
0.009588 125
0.000514 33
0.002561 38
0.020393 19
0.000119 300
0.000055 7
0.000604 8
32.058594 8
0.000854 3
0.001139 1
0.001292 1
0.000408 1
0.000627 1
0.000336 2
0.000406 1
0.000332 2
0.000210 1
0.000300 2
0.000431 1
0.000296 1
0.000432 1
0.000367 1
0.000414 1
0.000266 1
0.000192 1
0.000229 1
0.000328 1
0.000297 1
0.000218 1
0.000234 1
0.000248 1
0.000255 1
0.000220 1
0.000210 1
0.000226 1
0.000231 1
0.000199 1
0.000201 1
0.000229 1
0.000224 1
0.000178 226
0.000042 5
0.674494 273
0.004637 240
0.753657 11
0.818078 15
0.002719 5
0.000141 61
0.019606 110
0.035500 57
0.000480 2
0.055515 158
0.003784 38
0.014221 19
0.000744 300
0.000127 7
0.000589 8
25.265401 4
0.000917 5
0.001173 1
0.000676 2
0.000216 1
0.000341 1
0.000246 1
0.000801 4
0.005133 227
0.939048 243
0.000057 1
0.002875 243
0.487358 11
0.612063 7
0.002258 8
0.000330 5
0.000767 57
0.011662 31
0.001017 139
0.078693 78
0.001679 158
0.002657 38
0.016615 19
0.000935 307
0.000525 8
10.160911 1
0.001965 42
0.223534 18
0.170655 25
0.001091 26
0.541845 12
0.356767 15
0.000870 1
0.000138 2
0.000274 17
0.001896 815
0.000155 125
0.000136 33
0.002351 38
0.015687 19
0.001997 300
0.000085 7
0.000535 8
31.448316 5
0.000865 3
0.000085 2
0.000814 6
0.001625 2
0.000312 1
0.000301 1
0.000237 1
0.000485 2
0.000231 2
0.000225 1
0.000289 1
0.000213 1
0.000296 2
0.000234 1
0.000201 1
0.000612 3
0.000197 1
0.000685 3
0.001974 8
0.000031 1
0.000205 1
0.000214 1
0.000227 1
0.000208 1
0.000325 1
0.000205 1
0.000223 1
0.000228 1
0.000251 1
0.000197 1
0.000132 280
0.723400 331
0.005219 189
1.621127 15
0.003410 1
0.000772 72
0.009718 15
0.001322 125
0.000211 33
0.003042 38
0.018830 19
0.000017 273
0.000021 27
0.000097 7
0.000640 8
8.006315 1
0.000907 6
0.002219 7
0.000031 1
0.000292 1
0.002666 11
0.000181 1
0.000209 1
0.000203 1
0.000223 1
0.000120 161
0.665983 189
0.004172 166
0.802862 7
0.000119 8
0.002532 3
0.000482 42
0.001284 14
0.002514 158
0.003398 38
0.017602 19
0.000016 273
0.000021 27
0.000084 7
0.000517 8
98.923866 1
0.003812 100
0.277017 336
0.002150 29
0.000205 14
0.284292 25
0.003238 42
0.272591 30
0.000309 49
0.616499 15
0.001712 5
0.000591 9
0.000029 9
