0.007728 299
0.110032 6
0.000121 29
0.002563 71
0.001206 321
0.000441 302
0.000056 7
0.001885 14
5.558724 1
0.004059 68
0.173844 107
0.004210 50
0.117628 25
0.003666 26
0.624039 6
0.003718 11
0.479805 42
0.004592 49
0.588921 15
0.001756 3
0.000210 23
0.000530 313
0.002377 47
0.015072 400
0.000156 8
9.104228 1
0.003346 20
0.000188 36
0.318007 44
0.003963 397
0.123557 41
1.043173 30
0.004861 49
0.130593 18
0.003814 19
0.412062 6
0.006151 12
0.674400 185
0.363793 20
0.004155 407
0.298548 185
0.611122 20
0.003457 407
0.633096 180
0.001834 408
0.499185 179
0.002111 409
0.033645 204
0.001851 42
0.001581 410
0.026690 233
0.002066 411
0.030700 228
0.001991 36
0.034219 33
4.779377 1
0.004084 20
0.000316 51
0.108763 30
0.225491 41
0.353782 30
0.099082 30
0.002200 60
0.092952 18
0.002636 19
0.661130 71
0.362638 1
0.132722 1
0.487383 39
0.000856 43
0.630331 1
0.097013 1
0.553457 1
0.400130 3
5.583600 1
0.379496 1
0.072605 1
0.054355 1
1.641004 7
0.000236 8
0.002307 5
0.000619 30
0.001765 262
0.000078 51
0.002337 47
0.016892 19
0.000878 364
0.000013 7
0.000671 8
0.725303 1
0.002943 20
0.000153 50
0.035447 30
0.109074 41
0.217950 30
0.003428 49
0.359289 18
0.004408 19
0.520230 71
0.005377 11
0.069604 32
0.361374 7
0.003717 15
0.001385 3
0.000336 19
0.000008 9
0.006112 198
0.000024 1320
8.557285 47
0.000302 169
1.510160 25
0.919875 6
0.000404 43
0.006007 8
0.001181 31
0.000006 48
0.000036 19
3.299759 6
0.000255 50
0.002546 17
0.000079 30
0.000027 37
8.139931 6
0.002176 14
0.000048 52
0.003325 313
0.003750 47
0.016837 479
0.000095 7
0.000554 8
3.477492 1
0.004582 91
0.240687 245
0.003977 38
0.235995 41
0.002753 38
0.356223 18
0.002244 19
0.625236 6
0.005673 12
0.980271 137
4.100005 20
0.003288 35
0.299557 137
0.003591 33
1.205309 18
0.642426 18
0.105196 18
0.125336 18
0.183041 101
0.446186 20
0.004781 29
0.158493 18
0.488091 18
0.576238 18
0.427143 18
0.847263 18
0.002603 19
0.293358 6
0.003457 11
0.665552 21
0.100037 21
0.133317 21
0.128118 21
0.276022 21
0.713372 35
0.003762 49
0.368512 3
0.003993 41
0.000138 16
0.409680 21
0.115680 21
0.056907 21
1.465918 7
0.000151 8
0.003321 3
0.000236 37
0.001671 11
0.000010 16
0.000016 2
0.000014 16
0.000015 14
0.000011 38
0.000017 7
0.000011 41
0.000013 21
0.000133 20
0.000522 262
0.000137 51
0.002434 47
0.015302 19
0.000932 335
0.000221 36
0.000446 8
10.650349 1
0.004785 78
0.204382 30
0.134967 41
0.004516 38
0.150315 18
0.004327 19
0.724342 125
0.005553 44
0.339460 6
0.391020 6
0.852610 6
0.003881 12
0.257430 18
0.411132 18
0.692997 18
0.184371 18
0.119597 18
0.163013 18
0.348887 18
5.900503 131
0.580416 18
0.402264 18
3.949719 1
0.498772 1
0.029998 1
0.031595 1
0.028780 1
0.030219 1
0.029785 1
0.148478 1
0.882745 1
0.315319 71
0.004814 29
0.371281 4
0.500443 4
0.028238 4
0.030409 4
0.030827 4
0.031170 4
0.031402 4
0.029186 4
0.032026 4
0.030891 60
0.004963 54
1.203967 7
0.000218 8
0.003041 3
0.000531 40
0.005710 59
0.000349 262
0.000422 51
0.004221 47
0.019346 19
0.000843 364
0.000116 7
0.000497 8
4.949677 1
0.002986 81
0.218050 30
0.135373 41
0.004584 38
0.150738 18
0.004885 19
0.959058 6
0.107540 6
0.222203 6
0.212786 6
0.004017 12
2.805626 131
0.003481 30
0.135935 18
0.995744 18
0.541612 18
0.497178 18
0.209354 18
0.561319 18
0.004993 19
0.452315 6
0.005241 11
0.615389 48
0.003025 54
0.593135 7
0.000070 8
0.003642 3
0.000303 37
0.001377 18
0.000121 37
0.000010 2
0.000289 262
0.000164 51
0.002782 47
0.014451 19
0.000330 335
0.000151 29
0.000111 7
0.000846 8
9.983029 1
0.003350 56
0.334707 44
0.004304 47
0.000020 350
0.137250 41
0.220678 30
0.004386 49
0.449482 18
0.002307 19
1.186948 6
0.002417 12
0.414642 185
0.560805 20
0.003865 407
0.201794 180
0.003423 408
0.158867 179
0.002379 12
0.000395 62
0.230597 299
0.003398 31
0.958795 18
0.822498 18
0.368584 18
0.441133 18
0.281549 18
0.500904 18
0.005066 19
0.443010 60
0.007889 20
1.503194 7
0.001450 8
0.001476 5
0.000291 36
0.000294 262
0.000027 51
0.002392 47
0.014194 19
0.000506 364
0.000063 7
0.000600 8
4.327068 1
0.003561 20
0.000117 58
0.203124 30
0.155525 41
0.004095 38
0.158549 18
0.001713 19
0.197049 6
0.233106 119
0.320818 3
0.003005 34
0.081387 6
0.189043 6
0.137283 107
0.005339 34
0.674441 6
0.128600 6
0.917349 102
0.005235 96
0.577212 7
0.000053 8
0.003772 3
0.000384 40
0.001586 30
0.000010 27
0.000255 262
0.000130 51
0.002525 47
0.014064 19
0.001028 364
0.000056 7
0.000647 8
4.277301 1
0.003435 77
0.279418 30
0.125903 41
0.249998 30
0.004210 49
0.208012 18
0.002676 19
8.077360 6
0.002108 12
1.875126 119
0.500003 20
0.003306 32
0.146836 114
0.002101 33
0.240348 113
0.002726 12
0.000624 393
0.842575 185
0.913126 20
0.002837 407
0.157207 180
0.003721 33
0.516121 6
0.005620 12
1.566046 144
0.000376 4
0.000604 1
0.000356 9
0.000357 3
0.000284 2
0.000294 1
0.000292 1
0.000233 1
0.000304 1
0.000285 1
0.000238 1
0.000234 1
0.000268 2
0.000270 1
0.000197 1
0.000203 1
0.000191 1
0.000282 129
1.086290 195
0.003919 30
0.003263 179
1.377953 27
0.003978 12
0.427016 1
0.501074 1
0.029354 1
0.031079 1
0.031251 1
0.031020 1
0.126634 1
0.209959 1
0.162006 1
0.176061 1
0.144421 1
0.336604 5
0.706813 11
0.003982 26
0.597344 18
0.004407 19
0.288694 64
0.004584 11
0.719561 8
0.006103 25
0.473423 6
0.002711 12
0.414836 54
1.423499 7
0.000235 8
0.003149 5
0.000565 53
0.000239 262
0.000050 51
0.002530 47
0.013825 19
0.000891 371
0.000607 8
3.287826 1
0.003475 81
0.193756 30
0.136448 41
0.003804 38
0.138780 18
0.000808 19
0.191093 6
0.437365 137
0.003090 32
0.091101 6
1.046922 101
0.002935 11
0.000178 31
1.036862 96
0.004439 96
0.513974 15
0.003198 1
0.000015 2
0.000638 29
0.000016 8
0.001608 146
0.000305 298
0.000019 15
0.002590 47
0.016850 390
0.000358 8
10.153737 1
0.003279 20
0.000240 92
0.651987 30
0.129378 41
0.678781 30
0.001987 49
0.095865 18
0.003592 19
0.384428 6
0.005744 12
1.267563 80
0.000938 1
0.000708 2
0.000239 1
0.001098 3
0.000313 9
0.000222 3
0.000210 1
0.000288 1
0.000218 1
0.000216 1
0.000197 1
0.000251 1
0.000241 1
0.000216 1
0.000190 109
2.130658 208
0.002336 13
0.002397 1
0.001006 181
0.598284 34
0.004259 26
0.994944 18
0.915482 18
0.002171 19
0.568452 6
0.002991 12
0.330941 18
0.004410 19
0.405725 48
0.065069 1
0.299951 1
0.217338 1
0.124808 1
0.545587 1
1.005122 3
0.147006 3
0.241877 3
0.310335 3
0.341428 3
0.368056 3
0.004937 24
1.398803 42
0.797312 7
0.000042 8
0.003558 5
0.000320 50
0.000274 262
0.000126 51
0.002443 47
0.015883 19
0.000733 371
0.000626 8
4.239797 1
0.004128 78
0.167148 30
0.166768 41
0.000558 38
0.345075 18
0.002495 19
0.563692 6
0.071070 6
0.132069 6
0.802416 107
0.003230 11
0.000123 30
0.146832 21
0.453470 84
0.006184 86
0.477903 7
0.000055 8
0.003777 3
0.000213 28
0.000193 8
0.001414 11
0.000030 28
0.000005 12
0.000012 2
0.000013 18
0.000029 2
0.000007 5
0.000011 2
0.000013 10
0.000025 20
0.000013 12
0.000016 23
0.000115 18
0.000271 262
0.000138 51
0.002378 47
0.014731 19
0.001171 371
0.001080 8
8.954333 1
0.003838 77
0.210857 30
0.140055 41
0.002976 38
0.212349 18
0.005200 19
0.184000 6
1.260268 115
0.002280 34
0.332569 6
0.700020 113
0.004020 36
0.151293 6
0.205412 125
0.003483 12
0.000253 31
2.494828 113
0.004683 40
0.172254 18
1.145775 144
0.004401 151
5.347096 15
0.003611 1
0.000013 2
0.000280 39
0.000045 8
0.001715 62
0.000230 262
0.000225 36
0.000027 15
0.002457 47
0.014427 17
0.000019 2
0.000568 335
0.000027 29
0.000121 7
0.000462 8
7.666127 1
0.003238 20
0.000389 91
0.317128 124
0.001618 27
0.000206 14
0.124945 25
0.004879 42
0.133575 30
0.004275 49
0.719732 7
0.000073 8
0.002090 5
0.001214 18
