0.007326 299
0.123540 6
0.000475 29
0.000905 71
0.000166 321
0.001041 309
0.000404 6
0.000065 8
13.615078 1
0.003802 68
0.056937 30
0.351244 41
0.115442 30
0.194954 30
0.004605 60
0.216895 18
0.005375 19
0.576850 6
1.501172 42
0.694826 7
0.000006 8
0.001820 3
0.000559 29
0.002429 262
0.000080 33
0.004409 38
0.015257 19
0.000022 273
0.000035 29
0.000096 7
0.000601 8
13.637795 1
0.003243 12
0.000238 24
0.100750 18
0.167944 25
0.004421 63
0.073831 6
0.229685 6
0.208483 6
0.779062 6
1.257748 108
0.007088 21
0.613081 15
0.003511 52
0.002194 289
0.000020 6
0.002427 38
0.016197 17
0.000017 2
0.000789 273
0.000584 44
6.732731 1
0.003338 82
0.155219 45
0.746177 41
0.003865 38
0.189166 18
0.003248 19
3.571519 111
0.005507 74
1.097048 299
0.002748 56
1.189428 263
0.003635 39
0.124511 18
1.168950 138
0.005467 104
0.553065 7
0.000133 8
0.003185 5
0.000259 44
0.001630 179
0.000146 262
0.000136 33
0.002251 38
0.013987 19
0.000959 309
0.000601 8
9.195953 1
0.004893 20
0.000661 65
0.222785 30
0.209451 41
0.004208 38
0.490931 18
0.003273 19
0.600641 6
0.001462 12
0.428086 18
0.643176 167
0.002822 53
0.693581 228
0.005119 110
6.864229 7
0.000137 8
0.003980 61
0.010746 294
0.001068 295
0.002448 38
0.016060 328
0.000083 8
12.175425 1
0.002874 12
0.000180 45
0.258531 18
0.094900 126
0.003523 42
0.170854 30
0.174794 30
0.003986 31
0.547977 1
0.105048 32
0.220044 43
0.002565 59
0.087402 126
0.002352 45
0.082871 120
0.561028 1
0.004191 11
0.000702 78
0.223749 21
0.005152 41
0.076100 41
0.213051 30
0.000673 49
0.175349 18
0.004372 19
0.533541 6
0.003837 12
3.298534 294
0.003681 63
0.174545 293
0.003251 405
1.425809 185
0.002857 199
1.306282 668
0.003830 593
6.785128 15
0.004945 46
0.000018 262
0.000149 27
0.000101 6
0.002681 38
0.014369 19
0.000729 309
0.000494 8
3.377469 1
0.005579 58
0.334281 51
0.004620 25
0.153585 41
0.004727 38
0.176034 18
0.004957 19
0.749982 55
0.003730 27
1.229204 77
1.108016 1
0.451231 3
0.159454 3
0.003911 27
0.151116 79
0.004843 22
0.196876 52
0.002542 23
0.505316 18
0.004186 19
0.173985 55
0.004707 11
0.000173 40
0.223775 21
0.334766 21
0.423098 138
0.004161 28
0.653134 3
0.003206 12
0.496506 10
0.003408 14
0.028843 17
0.002763 16
0.027520 24
0.004464 18
0.026395 31
0.002747 20
0.026130 38
0.002493 22
0.027188 45
0.004607 24
0.025763 48
0.004535 22
0.025000 54
0.005410 23
0.026607 61
0.001378 25
0.026365 67
0.005704 26
0.025492 73
0.002917 27
0.030080 79
0.003243 28
0.030221 85
0.002620 29
0.032451 91
0.002764 30
0.033953 97
0.002326 91
0.174259 119
0.004297 32
0.802198 122
0.003411 23
0.066699 21
0.742400 48
0.005127 54
0.393462 7
0.000046 8
0.002702 3
0.000152 28
0.000042 8
0.001521 96
0.000308 262
0.000145 33
0.002341 38
0.013759 19
0.000800 309
0.001354 8
3.810474 1
0.003234 20
0.000194 79
0.328702 30
0.306752 41
0.004696 38
0.155060 18
0.004824 19
1.498050 251
0.003991 12
0.512101 8
0.006318 56
0.161739 6
0.003893 12
0.312552 257
0.609900 18
0.184560 20
0.155171 20
0.003874 55
3.788757 257
0.602047 20
0.003995 55
0.427527 257
0.003182 77
0.805752 389
0.002993 69
0.230568 34
1.219138 18
0.370199 18
0.107072 18
0.152362 18
3.374444 268
0.004661 68
0.686720 280
0.002841 50
4.101380 227
0.003910 36
0.713258 126
0.001857 123
0.637751 15
0.002578 5
0.000203 41
0.000354 8
0.001248 26
0.000192 262
0.000144 33
0.002361 38
0.015060 19
0.000758 309
0.000492 8
4.703886 36
0.007147 207
0.232128 1
0.501088 1
0.027905 1
0.031715 1
0.029246 1
0.031686 1
0.031308 1
0.030884 1
0.030587 1
0.030455 1
0.031976 1
0.031675 1
0.031409 1
0.031153 1
0.031094 1
0.029391 1
0.031107 1
0.031401 1
0.030543 1
0.030892 1
0.030270 1
0.247759 1
0.581932 135
0.075712 134
0.508129 15
0.002487 3
0.000100 49
0.001348 20
0.000354 262
0.000128 33
0.002379 38
0.013314 19
0.000981 302
0.000022 7
0.000498 8
8.678660 1
0.003391 20
0.000372 70
0.822720 30
0.123922 41
0.004361 38
0.094134 18
0.003968 19
0.752944 197
0.114573 1
0.120861 1
0.746183 3
0.136772 3
0.139612 3
0.003682 47
5.014467 6
0.002869 12
0.729743 203
0.002650 54
0.669146 251
0.002236 42
0.264999 18
0.134382 18
0.989750 18
2.272241 144
0.006128 160
1.426383 15
0.000511 1
0.000016 2
0.000467 39
0.000066 8
6.584297 23
0.960501 2
6.330749 23
0.875084 2
0.000266 25
1.774211 2
0.000654 264
0.000295 33
0.004520 38
0.021091 19
0.000206 277
0.000025 225
0.000106 7
0.000495 8
8.178287 1
0.004001 219
1.090021 21
0.004585 41
0.105631 41
0.208519 30
0.004020 49
0.180860 18
0.005376 19
0.842720 6
0.004561 12
2.995120 141
1.104451 20
0.005682 200
0.517462 141
0.003883 399
1.074270 1125
0.005760 1024
2.021658 7
0.000267 8
0.006727 51
0.000724 262
0.000652 33
0.002481 38
0.013915 19
0.000712 309
0.000550 8
3.551042 1
0.003736 88
0.993113 30
0.106797 41
0.004361 38
0.170965 18
0.004751 19
0.464573 185
0.539997 3
0.003476 45
1.299115 6
0.005414 12
0.407943 191
0.001335 45
0.823080 18
0.245531 18
0.098891 18
2.516010 18
0.089467 18
0.141908 18
1.936361 18
2.501480 155
0.004023 37
0.787122 149
0.002989 49
1.423577 204
0.003494 194
0.595107 15
0.003108 1
0.000013 2
0.000702 54
0.000017 8
0.001598 201
0.000211 262
0.000160 27
0.000017 6
0.002438 38
0.014431 17
0.000015 2
0.000538 302
0.000218 7
0.000595 8
6.208402 1
0.004410 20
0.000292 83
0.245743 30
0.156814 41
0.005237 38
0.144844 18
0.004592 19
0.514892 275
0.003845 11
2.645632 8
0.003857 60
0.205042 275
0.004117 12
0.264925 18
0.477209 20
0.146097 8
0.003519 60
0.130373 6
0.003765 12
0.188185 281
0.004822 43
0.895061 185
0.001548 55
2.122345 240
0.004987 230
0.536646 7
0.000142 8
0.003193 3
0.000202 60
0.001588 28
0.000277 262
0.000166 33
0.002363 38
0.015028 19
0.000970 309
0.000429 8
5.946963 1
0.005152 101
0.197982 30
0.480250 41
0.003832 38
0.128865 18
0.001628 19
0.168046 6
0.004049 12
2.369994 269
0.002820 69
0.350264 268
0.654486 18
0.414433 20
0.160865 20
0.004526 71
1.018754 274
0.004017 57
3.519410 269
0.004563 58
1.056951 282
0.003352 57
0.579953 269
0.004033 73
1.654114 34
0.447799 274
0.004194 47
0.682061 192
0.005465 182
0.462822 15
0.002870 5
0.000590 45
0.000019 8
0.001577 72
0.000012 262
0.000175 27
0.000024 6
0.002276 38
0.014508 17
0.000026 2
0.000859 273
0.000021 29
0.000103 7
0.000683 8
3.741352 1
0.003326 20
0.000197 74
0.221758 30
0.603400 41
0.003753 38
0.161932 18
0.002653 19
2.638018 221
0.004081 12
0.857324 8
0.002102 51
0.134931 6
0.005123 12
0.511320 18
1.732754 18
0.300935 215
0.003882 61
3.585264 266
0.005037 256
0.624767 15
0.000742 1
0.000018 2
0.000515 59
0.000020 8
0.003272 36
0.000566 262
0.000259 33
0.003390 38
0.014937 19
0.000401 273
0.000020 29
0.000118 7
0.000490 8
6.409938 1
0.006738 20
0.000398 88
0.242268 30
0.120453 41
0.001961 38
0.221456 18
0.004707 19
0.669444 6
0.002845 12
0.699806 299
0.279102 20
0.003662 64
0.434835 299
0.004315 58
0.829157 18
0.260975 18
0.088673 18
0.101299 18
0.354152 18
0.618912 18
0.442012 18
0.241902 233
0.004166 52
0.000085 13
4.083727 254
0.005443 244
0.550254 7
0.000681 8
0.003388 71
0.001453 29
0.000010 90
0.001374 295
0.001405 38
0.015000 19
0.000800 302
0.000076 7
0.001553 8
5.435615 1
0.006180 20
0.000296 97
0.225254 45
0.180053 41
0.003489 38
0.585746 18
0.002491 19
3.902595 6
0.003492 12
1.070639 328
0.003412 63
0.552540 293
0.003608 63
0.209811 18
0.249985 18
1.835149 276
0.004081 266
3.157459 7
0.000733 8
0.005297 73
0.000804 246
0.000303 262
0.000152 33
0.002420 38
0.014142 19
0.000145 302
0.000075 7
0.000478 8
11.617837 1
0.003167 20
0.000335 89
0.266790 30
0.139709 358
0.286692 43
0.002197 68
0.131518 41
0.001428 38
0.130549 18
0.003672 19
0.815738 6
0.003612 12
1.662170 317
0.854208 20
0.003616 65
0.227333 317
0.004229 73
0.433315 34
0.483497 18
0.096377 18
0.092549 18
0.687672 18
0.240445 18
0.496926 286
0.350485 20
0.005276 69
0.235819 286
0.003317 49
1.479713 204
0.004814 194
0.610086 7
0.000061 8
0.002473 5
0.001028 60
0.001874 264
0.001138 295
0.003521 38
0.018919 336
12.694513 1
0.004366 101
0.218016 30
0.200830 41
0.005678 38
0.124759 18
0.004524 19
1.267752 6
0.003415 12
0.253533 18
1.843672 18
0.326989 18
0.109529 18
0.138292 18
0.251699 18
0.151662 18
0.233889 227
0.004478 63
0.182291 262
0.330254 20
0.005533 65
0.187361 34
0.706898 233
0.005539 226
0.593379 7
0.001286 8
0.002308 3
0.000356 57
0.000009 8
0.001288 8
0.000078 16
0.000011 62
0.000012 8
0.000005 4
0.000430 262
0.000130 33
0.002923 38
0.013614 19
0.001004 309
0.000329 8
7.176953 1
0.002713 20
0.276704 30
0.142158 41
0.379637 30
0.002386 31
0.409442 1
0.129068 43
0.105383 32
0.117527 12
0.444194 1
0.003197 20
0.000374 94
0.106763 45
0.114219 41
0.001969 38
0.532746 18
0.004402 19
0.110736 6
0.004594 12
0.846500 310
0.509418 20
0.004255 72
0.507892 34
0.211927 304
0.003264 76
0.987979 366
0.004980 356
0.785282 15
0.003481 5
0.000392 81
0.001390 9
0.000566 295
0.002902 38
0.016189 17
0.001088 311
0.000924 8
4.566798 1
0.006118 122
0.234847 30
0.245025 41
0.003445 38
0.186274 18
0.004878 19
2.984283 6
0.004184 12
0.703179 18
0.921156 389
0.321199 18
5.545132 18
0.995288 18
5.471973 18
0.609270 20
0.171729 18
0.126023 18
1.333284 18
0.762976 18
0.265679 18
0.510567 20
0.145475 20
0.739453 19
0.289432 20
0.565275 21
0.159672 20
0.217235 19
0.881655 20
0.772643 20
0.601473 21
0.204496 20
0.578409 21
0.225650 20
0.482508 21
1.150241 19
0.596753 21
0.104886 19
2.669378 18
0.144054 18
0.095925 18
0.160448 18
0.686107 20
0.126804 20
0.129660 20
0.371152 20
0.495850 19
0.436543 20
0.096018 20
0.184869 20
4.166351 19
0.587976 21
1.202155 19
1.178064 19
0.490978 20
0.989592 18
3.534892 20
0.311066 18
0.417076 18
0.715261 18
0.005203 19
1.563556 1
0.006216 11
0.249534 16
0.280857 16
0.359079 33
1.414735 28
0.004213 25
0.211813 16
0.115971 16
0.065134 16
0.003461 83
0.165170 150
0.000917 159
0.671158 3
0.002710 70
0.399315 38
1.188100 7
0.003956 15
0.004373 72
0.001027 13
0.000008 9
0.000005 2
0.000005 5
0.000005 36
0.000350 262
0.000196 33
0.003530 38
0.030291 340
5.587535 56
0.006285 290
0.459042 1
0.500704 1
0.028127 1
0.029656 1
0.030196 1
0.030918 1
0.030483 1
0.031246 1
0.033304 1
0.033737 1
0.033246 1
0.032187 1
0.034532 1
0.030337 1
0.037026 1
0.033872 1
0.029414 1
0.030572 1
0.030427 1
0.037360 1
0.037320 1
0.032546 1
0.035710 1
0.032047 1
0.034162 1
0.033557 1
0.032625 1
0.031887 1
0.030722 1
0.036523 1
0.030857 1
0.037279 1
0.034253 1
0.033545 1
0.029713 1
0.031521 1
0.033675 1
0.031562 1
0.029793 1
0.031032 1
0.034946 1
0.138754 1
0.189336 1
0.146361 1
0.532112 266
0.266531 265
0.293816 266
0.231710 265
0.614620 15
0.003675 72
0.001356 32
0.000408 262
0.000077 33
0.002742 38
0.015388 19
0.000976 302
0.000057 7
0.000521 8
4.275071 1
0.005774 110
0.513488 30
0.148339 41
0.004541 38
0.177307 18
0.006180 19
4.509617 6
0.002971 12
0.515875 18
1.660594 18
3.482226 18
0.283376 18
0.443529 263
0.002747 54
0.000327 13
0.483742 34
0.436580 232
0.003234 225
0.947579 7
0.000134 8
0.003501 3
0.000017 66
0.001923 511
0.004435 38
0.021089 19
0.000381 273
0.001707 29
0.000149 7
0.000527 8
12.246852 1
0.004037 11
0.000278 44
0.327331 21
0.005693 41
0.345430 41
0.127043 30
0.255184 30
0.005051 60
0.164053 18
0.005371 19
0.865419 83
0.006730 24
0.093144 48
0.002284 23
0.745449 54
0.647052 15
0.002005 1
0.000013 2
0.000439 22
0.000026 10
0.001757 289
0.000704 6
0.003401 38
0.017406 19
0.001014 309
0.000232 8
4.230714 1
0.004556 72
0.024203 30
0.118922 41
0.164183 30
0.005868 49
0.114420 18
0.003746 19
0.619137 83
0.002677 35
0.133410 63
0.004563 23
0.781821 54
0.004335 60
0.609892 7
0.000237 8
0.002470 3
0.000502 30
0.003562 75
0.000417 30
0.000231 34
0.000053 41
0.000084 18
0.000346 264
0.000655 85
0.000015 971
7.911932 6
0.000268 41
0.000609 5
0.000086 79
0.000004 56
0.000023 62
0.000003 12
0.928471 18
0.000014 8
1.783157 6
0.000069 43
0.003245 8
0.000102 22
0.000013 9
0.000015 31
0.000013 12
0.000012 6
0.000016 12
0.000021 8
0.997272 6
0.000829 66
0.001140 262
0.000568 27
0.000064 6
0.005860 38
0.018107 17
0.000015 2
0.000969 273
0.000180 125
0.000112 7
0.000448 8
19.652416 1
0.004255 68
0.085543 107
0.001919 27
0.000253 32
0.149370 25
0.001670 26
1.421695 101
0.003793 11
0.096121 16
0.275489 16
0.081722 16
5.612852 31
2.171379 15
0.002615 21
0.620848 16
0.214347 16
0.105410 16
0.128515 16
0.809787 16
0.366001 16
0.128370 31
1.697874 28
0.003464 25
0.599114 35
1.230872 23
0.002890 15
0.002021 3
0.000435 46
0.001909 262
0.000221 33
0.002725 38
0.016155 336
2.210991 1
0.005439 20
0.000229 57
0.180140 161
0.004033 27
0.000216 16
0.117587 25
0.005015 26
0.460129 13
0.004303 11
0.000370 24
0.702681 21
0.191374 84
0.533640 23
0.003241 15
0.002050 3
0.000242 16
0.000132 7
0.000298 262
0.000129 51
0.003867 47
0.014557 29
0.000866 364
0.000079 7
0.000470 8
0.897389 1
0.003845 63
0.075904 161
0.320197 20
0.005539 51
0.090362 18
0.145063 143
0.000909 7
0.000039 8
0.004139 3
0.000298 26
0.001963 53
0.001465 313
0.001845 47
0.014782 19
0.000887 364
0.000391 7
0.000485 8
9.451734 1
0.002766 20
0.000238 96
0.977625 46
0.148543 41
0.004180 38
0.167975 18
0.004642 19
0.297397 280
0.003918 41
0.653587 106
0.003736 80
4.143310 332
0.004875 265
1.200363 15
0.003796 1
0.000431 2
0.000125 73
0.001833 262
0.000149 51
0.002692 47
0.013781 19
0.000967 364
0.000046 7
0.000615 8
3.479451 1
0.005555 65
0.292924 88
0.003669 36
0.255661 41
0.003067 38
0.082626 18
0.002673 19
0.305120 119
0.003649 35
0.270419 97
1.335003 7
0.003621 15
0.002641 1
0.000015 2
0.000899 20
0.000025 8
0.002153 164
0.000222 262
0.000767 36
0.000008 15
0.007555 47
0.020892 17
0.000016 2
0.000866 335
0.000022 29
0.000107 7
0.000490 8
0.907301 1
0.004364 69
0.195842 30
0.222610 41
0.004684 38
0.093167 18
0.002055 19
0.190415 71
0.004535 34
0.532219 21
0.420987 100
0.530299 7
0.003120 15
0.000877 3
0.000819 19
0.000011 8
0.001792 84
0.000729 313
0.008266 47
0.025020 17
0.000028 2
0.000838 364
0.000109 7
0.000467 8
16.289679 1
0.001840 12
0.000627 45
0.361541 120
0.147573 1
0.004304 438
0.695019 227
0.002339 41
0.678781 25
0.005277 42
0.089443 30
0.001612 49
0.745821 7
0.000100 8
0.002086 5
0.000275 9
0.000181 9
