0.006675 108
0.017460 92
2.308210 1
0.099265 1
0.210625 1
0.480562 1
0.059121 1
0.152283 1
1.033963 1
0.101108 1
0.113593 1
0.385897 1
1.844224 1
0.064401 1
0.267724 1
0.176477 1
0.094003 1
3.324233 1
0.702409 1
0.084268 1
0.722744 11
0.001573 92
1.023496 1
0.037186 1
0.116837 1
0.174477 1
0.130733 1
0.902295 1
0.420693 1
0.093256 11
0.412313 11
0.003373 138
0.000101 58
0.000475 3
0.000060 548
6.221628 6
0.001736 39
0.001392 647
0.787668 24
0.008005 25
0.005747 25
0.007934 18
0.000064 13
0.000043 17
0.000096 116
0.000055 11
0.005326 18
0.000046 11
0.000024 17
0.000050 84
0.000091 62
0.000032 82
0.000015 11
0.018543 156
0.003253 178
0.030664 111
0.027182 6
0.000185 12
0.018426 6
0.000330 12
0.012140 18
0.000292 6
0.000017 12
0.027785 6
0.000408 12
0.019057 18
0.000565 18
0.026209 18
0.021512 18
0.005310 6
0.000023 12
0.007326 18
0.014573 18
0.007316 18
0.005576 18
0.009404 18
0.007725 6
0.000370 12
0.006007 6
0.000075 12
0.000364 18
0.013937 6
0.000322 12
0.004534 18
0.008432 18
0.030357 18
0.026913 6
0.000620 12
0.017693 6
0.000144 12
0.027112 18
0.022715 6
0.000546 12
0.025646 6
0.000463 12
0.000213 18
0.048711 18
0.000180 6
0.000792 12
0.000264 18
2.139114 14
0.000105 28
0.000042 6
0.005556 7
0.000091 15
0.000058 6
0.000097 8
0.000043 31
0.000039 12
0.000036 6
0.000050 12
0.000054 7
0.931441 12
0.001521 8
0.000054 52
0.000782 92
7.358693 1
0.120279 1
1.443963 1
0.155129 1
0.192157 1
0.629276 1
0.387863 1
0.290649 1
2.055572 1
0.335883 1
0.075544 1
0.165545 1
0.280982 10
0.960688 11
0.001946 92
2.325625 1
0.356225 1
1.028960 1
0.169342 1
0.150556 11
0.721812 11
0.004992 49
2.006289 49
2.011131 49
2.013506 49
2.008833 49
2.007827 50
2.004597 60
0.007533 49
2.014152 49
2.007249 49
2.007791 49
2.007945 49
2.033750 50
2.004883 60
0.008511 49
1.073928 2
0.000589 140
5.590515 1
0.266923 1
0.124071 1
0.125263 1
1.017235 11
0.000416 151
1032.260115 4
0.357011 19
0.365621 22
0.240386 7
0.199871 4
0.169253 19
0.167366 67
0.135113 72
0.160349 36
0.281267 36
0.360560 36
0.160920 25
0.134980 21
0.099437 24
0.155674 19
0.172757 22
0.213554 8
0.121845 55
0.149374 39
0.149816 17
0.145917 36
0.115205 87
0.105342 6
0.166079 46
0.109526 103
0.175999 38
0.176026 31
0.160075 22
0.150175 35
0.145520 27
0.110870 30
0.135447 26
0.125020 33
0.155408 26
0.105620 20
0.130568 30
0.155342 35
0.347105 30
0.508816 35
0.030857 20
0.029512 22
0.031616 29
0.030249 30
0.030337 26
0.030657 31
0.033057 30
0.030279 25
0.031083 28
0.032255 43
0.030124 58
0.030345 89
0.033162 10
0.028559 36
0.031212 87
0.029193 14
0.030350 34
0.031217 55
0.028453 11
0.030694 19
0.031524 22
0.030106 21
0.029464 24
0.031036 22
0.030525 36
0.034699 72
0.030263 67
0.032314 22
0.032898 7
0.034329 1
0.034847 1
0.035524 1
0.031400 1
0.039118 1
0.031143 1
0.037010 1
0.030917 1
0.030940 1
0.031731 1
0.028768 1
0.031738 1
0.031067 1
0.029713 1
0.031995 1
0.902791 4
0.254625 19
0.255804 67
0.391356 72
0.291386 36
0.410713 25
0.320939 21
0.336419 24
0.274365 19
0.260639 22
0.310772 8
0.271465 55
0.221267 39
0.184813 17
0.235015 36
0.222644 87
0.233468 6
0.210825 46
0.197017 103
0.656333 58
0.926212 4
0.290630 4
0.502166 4
0.031135 4
0.031167 4
0.031743 4
0.030001 4
0.029404 4
0.030137 4
0.030711 4
0.030589 4
0.031210 4
0.030282 4
0.030540 4
0.032644 4
0.050474 4
0.029975 4
0.030385 4
0.030848 4
0.036640 4
0.039707 4
0.032340 4
0.034201 4
0.033329 4
0.033620 4
0.033261 4
0.030448 4
0.036904 4
0.034037 4
0.031873 4
0.035339 4
0.032798 4
0.031714 4
0.031087 4
0.029648 4
0.030695 4
0.030970 4
0.031719 4
0.030089 4
0.031356 4
0.029893 4
0.031345 4
0.030510 1
0.032581 1
0.031005 1
0.031428 1
0.033455 1
0.033111 1
0.034117 1
0.032839 1
0.030879 1
0.031420 1
0.034279 1
0.033929 1
0.078762 1
0.288658 1
0.194937 1
0.129320 1
0.366198 17
0.001119 105
