0.007857 108
0.013930 92
1.061179 1
0.104342 1
0.235612 1
0.255748 1
0.166573 1
0.144255 1
1.213729 1
0.275812 1
0.640972 1
0.186561 1
0.360873 1
0.708587 4
0.500872 4
0.031089 4
0.030625 4
0.029754 4
0.030586 4
0.030488 4
0.033992 4
0.030009 4
0.030218 4
0.030710 4
0.031071 1
0.032240 1
0.036229 1
0.039855 1
0.036880 1
0.016410 1
0.105192 1
0.204560 11
0.002207 238
0.000008 115
0.000382 92
2.903524 1
0.099133 1
0.226141 1
0.425372 1
0.095541 1
0.130546 1
1.152983 1
0.205575 1
0.330994 1
0.230757 1
0.296439 1
0.159740 1
1.059550 1
0.621011 1
1.227688 1
0.248659 1
0.118092 1
0.546243 1
0.686956 1
0.596826 4
0.151579 4
0.173937 1
0.360741 1
0.873651 1
0.460950 1
0.155417 1
0.485641 1
0.150883 1
0.185491 1
0.215407 1
0.226023 1
0.902498 1
1.158897 1
1.658535 1
0.211227 1
0.190967 1
0.278877 4
0.146165 4
0.140928 1
0.160228 1
0.410738 1
0.502305 1
1.487552 11
0.002017 92
0.761580 1
0.084881 1
0.727023 11
0.002402 125
0.000356 319
0.000040 84
23.133891 1
0.049106 1
0.386580 1
0.090586 1
0.316087 1
0.245070 1
1.074064 1
0.582552 1
0.645287 1
0.119910 1
0.261335 1
0.491584 1
1.788533 11
0.001741 92
4.420928 1
0.060641 1
1.605691 4
0.150120 4
0.104941 1
0.115183 1
0.105351 1
3.714912 1
0.065121 1
0.146214 1
0.545903 1
0.180759 1
0.450887 1
0.195868 1
0.211048 1
0.210637 1
0.832314 1
0.306044 1
0.957863 1
0.160279 1
0.094469 1
0.808428 1
1.058621 1
0.475053 1
0.240598 1
0.175280 1
0.417548 1
0.219716 1
0.861551 1
0.196067 1
0.457122 1
4.757279 11
0.001708 92
0.726366 1
0.325892 4
0.135962 1
0.149866 1
0.109914 1
0.766667 1
1.274572 1
0.205170 1
0.201682 1
0.453836 137
1.665660 1
0.180518 1
0.103481 3
0.793292 11
0.001697 28
0.000206 2
0.000174 92
2.074635 1
0.089959 1
0.208928 11
0.002530 497
28.298758 1
0.104848 1
0.100793 1
1.884736 1
0.175677 1
0.180802 1
1.148308 1
0.120243 1
0.215397 1
0.265704 1
0.738019 1
0.846275 1
1.363566 1
0.090116 1
0.235838 1
0.798537 1
0.494740 1
0.391429 4
0.175968 1
4.817160 11
0.002326 92
1.218527 1
0.103820 1
1.196809 11
0.001773 381
0.000390 92
14.836735 1
0.240106 1
0.125609 1
0.275141 1
0.131056 1
1.064055 1
1.408263 1
1.244910 1
0.088019 1
0.521801 1
0.240971 1
0.165228 1
0.305122 1
0.186140 1
0.211304 1
0.159754 1
0.376933 4
0.083940 1
1.183619 1
0.667270 1
6.063493 1
0.501223 1
0.030374 1
0.031227 1
0.031852 1
0.032175 1
0.032095 1
0.031548 1
0.033464 1
0.027856 1
0.030948 1
0.030303 1
0.031305 1
0.641014 3
0.179631 3
0.625457 5
1.643545 11
0.002782 122
13.596461 1
0.315768 1
0.120351 1
0.125878 1
0.499406 2
0.000015 13
0.000020 2
