0.015746 92
1.487614 1
0.135267 1
0.195201 1
0.360758 1
0.105532 1
0.174944 1
0.911978 1
0.266143 1
0.842165 1
0.111075 1
0.181112 1
0.119571 1
0.306922 1
0.859307 1
0.991180 1
0.095956 1
0.608988 11
0.008472 92
1.851850 1
0.085521 1
0.229975 11
0.002439 560
0.000016 84
1.378667 1
0.079235 1
0.095901 1
0.170321 1
0.095410 1
0.175844 1
0.180476 1
0.748931 3
0.247586 11
0.002544 196
0.000232 326
0.000039 225
5.077597 6
0.000399 39
0.002064 609
0.000018 13
0.000011 96
0.000143 226
0.000022 122
0.000026 115
0.000020 20
0.000100 29
0.938831 6
0.000352 42
0.006073 22
0.000037 6
0.000005 8
0.000031 31
0.000017 12
0.000015 6
0.000006 12
0.000020 7
0.603572 6
0.000397 66
0.001024 92
0.634978 10
0.259157 1
0.187655 1
0.134119 1
0.136474 1
0.619065 5
0.081082 5
0.270446 2
0.001169 9
0.002512 75
0.000415 63
0.000028 8
0.000006 50
0.000498 551
5.303306 6
0.003361 7
0.001268 32
0.001605 603
0.831405 18
0.000010 4
0.006021 6
0.000039 16
0.008840 22
0.007541 18
0.000009 13
0.000261 299
0.010674 6
0.000052 12
0.000009 12
0.000044 73
0.017307 6
0.000291 449
0.004448 18
0.000060 12
0.000064 17
0.000048 140
0.021253 6
0.000261 12
0.000223 154
0.085869 6
0.000148 39
0.360310 18
0.014504 6
0.000070 12
0.011807 6
0.000107 12
0.015132 18
0.014691 6
0.000058 12
0.103977 18
0.000625 18
0.244228 6
0.000338 42
0.003424 36
0.000010 49
0.000047 17
0.879653 6
0.000419 5
0.000888 60
0.000390 8
0.000377 84
9.406606 10
0.352169 1
0.134400 1
0.120336 1
0.105928 1
0.585624 5
0.059038 5
0.240140 11
0.003299 75
0.000228 57
0.000057 6
0.000028 8
0.000024 50
0.000567 551
1.206522 6
0.001914 39
0.002083 512
0.000109 261
0.000131 380
9.104657 6
0.000744 42
0.005033 22
0.000079 6
0.000018 8
0.000188 31
0.000022 12
0.000050 6
0.000052 12
0.000075 7
1.745289 6
0.000478 6
0.000155 20
0.000043 32
0.000766 8
0.000699 92
6.291644 10
0.296653 1
0.159322 1
0.138356 1
0.126594 1
0.590713 5
0.090366 5
0.261562 2
0.000388 9
0.002685 75
0.000368 121
0.000615 551
1.352180 6
0.001555 7
0.000061 16
0.000049 16
0.001660 5
0.000023 140
0.000015 89
0.000019 219
0.000015 104
0.000015 73
0.000013 22
0.000034 168
0.000018 20
0.000014 10
0.000016 17
0.000013 12
1.099927 18
0.000056 6
0.013765 6
0.000188 18
0.005447 6
0.000237 12
0.000034 25
0.013754 6
0.000115 12
0.000049 13
0.000009 17
0.000051 101
0.000029 11
0.013852 62
0.001415 243
0.013956 6
0.003006 265
0.009310 6
0.000606 41
0.000058 39
0.000052 11
0.078858 6
0.000168 12
0.000079 11
0.000006 15
0.000582 31
0.168565 18
0.007098 6
0.000012 12
0.028967 6
0.000055 12
0.042299 18
0.606701 6
0.001617 42
0.008281 28
0.000011 8
0.000702 69
0.751858 6
0.001043 50
0.005159 84
0.966881 72
0.000835 92
1.771084 10
0.246123 1
0.148247 1
0.151803 1
0.139565 1
0.645210 5
0.116163 5
0.505156 11
0.003420 196
0.000354 551
5.159290 6
0.002626 39
0.000949 623
0.848057 22
0.013941 22
0.007567 6
0.000022 12
0.000532 4
0.014350 100
0.012899 6
0.000095 12
0.000094 29
0.000024 127
0.000103 141
0.014830 6
0.000118 23
0.000009 15
0.000063 118
0.000036 12
0.000008 12
0.000055 67
0.020640 45
0.000289 75
0.084886 18
0.970503 6
0.000276 8
0.000170 34
0.004607 7
0.000012 98
2.046871 6
0.000817 66
0.000646 92
1.003773 10
0.229062 1
0.136719 1
0.134897 1
0.124651 1
0.671235 5
0.103673 5
0.491478 11
0.003161 138
0.000017 58
0.000677 551
5.047683 6
0.002585 39
0.001837 926
2.217333 48
0.005629 97
0.000239 7
0.773625 72
0.001150 92
1.370241 10
0.215966 1
0.138705 1
0.131897 1
0.135519 1
0.558696 5
0.140431 5
0.286111 11
0.002690 8
0.000601 188
0.000518 551
7.921876 6
0.003370 7
0.000623 32
0.000547 703
0.539656 22
0.013969 22
0.006870 22
0.007515 6
0.000339 254
0.013238 6
0.000198 12
0.000016 212
0.013892 99
0.016121 6
0.000140 12
0.000059 12
0.000059 17
0.000039 147
0.000077 166
0.000031 6
0.011292 6
0.000399 12
0.000009 11
0.000025 9
0.000031 6
0.000027 38
0.000029 11
0.000035 6
0.000072 12
0.000038 12
0.000016 17
0.000054 18
0.092888 6
0.000742 12
0.000612 338
0.479744 6
0.000090 12
0.000069 207
0.004994 18
0.000032 12
0.000243 48
0.015790 18
0.016098 18
0.012178 18
0.013534 18
0.021032 18
0.022859 18
0.779733 48
0.005279 105
0.680992 6
0.000232 14
0.001080 52
0.001441 92
1.202684 10
0.204702 1
0.145374 1
0.145854 1
0.125069 1
0.654021 5
0.108055 5
1.037164 11
0.003263 75
0.000043 57
0.000148 64
0.000626 534
0.000168 17
5.241353 6
0.002378 39
0.001102 667
1.077503 24
0.014451 24
0.013612 22
0.014146 6
0.000208 12
0.000252 146
0.014733 228
0.019825 18
0.000132 12
0.000038 17
0.000069 59
0.000034 135
0.000037 171
0.000038 6
0.027664 6
0.000209 12
0.000091 12
0.000087 17
0.000070 106
0.000044 143
0.318128 18
0.000266 11
0.000007 57
0.000022 41
0.013432 18
0.000171 12
0.000018 15
0.000025 47
0.000031 11
0.000037 6
0.000107 72
0.020497 18
0.022121 18
0.037541 18
0.626177 18
0.007190 18
0.013966 18
0.015868 18
0.019798 18
0.014920 18
0.028084 18
0.071716 18
0.947492 6
0.000007 12
0.000023 4
0.050585 6
0.000056 12
0.000263 5
0.998454 6
0.000626 42
0.005450 102
0.749419 11
0.000141 8
0.000055 12
0.000045 32
0.000048 8
0.001019 8
0.000143 84
1.159330 10
0.259810 1
0.134905 1
0.131219 1
0.140068 1
0.394753 5
0.290698 5
0.415093 11
0.002333 8
0.000023 54
0.000066 13
0.000447 121
0.000584 3
0.000059 548
4.887773 6
0.002105 39
0.001156 346
0.000015 167
0.000024 78
0.000289 100
2.112449 48
0.004108 104
2.639761 55
0.005061 15
0.000056 30
0.000054 12
0.000054 6
0.000100 12
0.000029 8
0.579546 6
0.000279 6
0.000060 8
0.000049 12
0.000043 32
0.000578 8
0.000869 92
2.357705 10
0.291785 1
0.163155 1
0.119792 1
0.145151 1
0.379332 5
0.125321 5
0.161651 5
0.349647 2
0.000013 9
0.002664 8
0.000382 67
0.000279 121
0.000546 534
0.000009 17
7.172007 6
0.000294 12
1.280356 13
0.000094 16
0.000156 16
0.001343 234
1.600472 6
0.000058 8
0.000020 28
0.000014 6
0.004393 7
0.000018 15
0.000331 83
0.872582 6
0.000849 66
0.000632 8
0.000100 84
6.962706 1
0.115315 1
0.282629 1
0.310473 1
0.274831 1
1.113673 1
0.341587 1
0.476111 1
0.942339 1
0.686352 1
0.387288 1
0.170666 1
0.391163 4
0.123539 1
0.186710 2
0.810507 11
0.001313 92
0.849422 1
0.193226 1
0.888119 1
0.770899 1
0.236903 4
1.386885 11
0.001903 38
1.088063 1
1.297405 45
0.000263 92
0.986246 7
0.311808 11
0.002564 38
0.519969 1
0.500069 2
0.000663 151
1.871748 1
0.194939 1
2.016109 4
0.165573 4
0.114378 1
0.617583 7
1.071684 11
0.001652 38
0.485221 1
0.446062 3
0.266873 1
0.099361 1
1.343053 2
0.000299 60
0.000548 92
1.210688 7
0.763918 11
0.001557 38
0.370488 1
0.154881 1
0.065636 1
0.340431 105
0.000020 2
0.000351 8
0.000032 84
25.395179 7
0.171550 35
0.502099 1
0.164140 1
0.158332 1
0.609738 1
0.409911 5
0.134755 5
2.490538 11
0.001946 92
1.024894 14
0.295015 33
0.566817 1
0.130154 1
0.125748 1
0.207922 1
0.332091 5
0.106368 5
0.499758 2
0.000067 9
0.002460 38
0.943029 4
1.132610 4
0.703213 4
0.168919 4
0.264705 3
0.501075 3
0.030346 6
0.030571 3
0.030929 3
0.031065 6
0.030685 3
0.030254 3
0.030514 6
0.031051 3
0.029973 3
0.031166 6
0.370923 1
0.561477 1
0.124130 3
0.313094 3
0.103957 1
0.426001 61
0.000204 92
1.184568 7
0.596802 1
0.155803 1
0.100338 1
0.165303 1
0.325514 5
0.095426 5
0.515074 11
0.004010 69
3.184785 1
0.696583 2
0.000215 36
0.000016 2
0.000704 92
1.064826 7
0.950598 11
0.002466 69
0.711220 1
0.078201 1
0.380911 2
0.000679 143
0.000033 84
0.966613 7
1.660697 11
0.002505 69
0.855391 1
0.007796 1
0.127516 1
0.240609 2
0.000700 136
0.001394 92
31.804135 7
0.155373 18
0.351594 33
0.410785 1
0.174972 1
0.129881 1
0.140271 1
0.311562 5
0.123857 5
0.491812 5
0.111624 5
0.544229 11
0.001553 92
0.408118 14
0.194519 33
0.465475 1
0.141582 1
0.145917 1
0.113510 1
0.535684 5
0.079547 5
0.500626 11
0.001768 63
0.002055 10
0.002263 92
11.351368 7
0.178844 35
0.416547 33
0.365918 33
0.226436 1
0.144654 1
0.156304 1
0.244931 1
0.556201 5
0.070314 5
0.398875 11
0.002115 92
0.641467 14
0.173653 33
0.753924 1
0.142221 1
0.149536 1
0.107103 1
0.574156 5
0.119826 5
2.276085 11
0.001619 51
0.000127 2
0.003269 14
0.001531 15
0.003443 8
0.000574 84
15.126664 7
0.220654 35
0.400673 1
0.156588 1
0.134989 1
0.105028 1
0.570787 5
0.109655 5
0.430267 11
0.001331 92
0.613020 14
0.246323 33
0.611878 1
0.146291 1
0.129290 1
0.114437 1
0.775848 5
0.085812 5
1.438326 11
0.001345 34
2.481703 1
0.516559 1
0.280780 1
0.251427 1
0.410546 1
0.084848 1
0.109331 1
0.374127 1
0.870986 1
0.250464 1
0.240946 1
1.192212 2
0.000272 55
0.000689 92
1.075699 7
0.774847 11
0.001422 34
1.698484 1
0.386169 1
0.592358 3
0.175972 3
0.224956 1
0.792702 1
0.295881 1
0.125290 1
0.231206 1
0.246004 1
0.656281 1
0.982824 1
0.527008 1
0.099754 1
0.472411 1
0.479245 2
0.000654 147
1.612649 7
1.185291 11
0.001588 34
0.319877 1
0.251724 1
0.013919 1
0.090660 1
0.330031 2
0.000015 71
0.000151 8
0.000031 84
37.833126 7
0.157489 35
0.574128 1
0.146666 1
0.125050 1
0.125413 1
0.670665 5
0.134966 5
4.081308 11
0.001496 92
0.461873 14
0.255176 33
0.778408 1
0.165734 1
0.080639 1
0.178518 1
0.661814 5
0.083788 5
3.143065 11
0.002206 115
0.000223 92
2.663151 1
0.108942 1
0.195790 1
0.541758 1
0.070597 1
0.155156 1
0.867395 4
0.436871 1
0.881308 1
1.325211 1
0.214408 1
0.140665 1
1.715573 1
0.966879 1
0.877463 1
2.020576 1
0.447436 1
0.390280 1
0.211295 1
1.371774 11
0.001943 92
0.716997 1
0.129232 1
0.691685 11
0.002111 104
0.000093 607
0.001241 92
2.862159 2
0.383145 19
0.440630 29
0.894448 2
0.000218 9
0.009633 92
1.244449 1
0.101023 1
0.374202 11
0.001639 752
0.000229 8
0.000166 84
2.558038 89
0.049066 89
0.080602 89
0.171245 89
22.841291 2
0.170746 9
0.361968 12
0.390079 19
0.346838 1
0.275097 28
0.401563 35
0.445886 1
0.156023 1
0.126249 1
0.143443 1
0.686675 5
0.094764 5
1.377892 11
0.002459 92
0.425322 14
0.180849 19
0.297458 9
0.659926 1
0.152471 1
0.149567 1
0.139957 1
0.465447 5
0.310377 5
4.116630 11
0.000977 117
0.000322 92
3.486489 7
0.910138 1
1.249403 1
0.099482 1
0.110178 1
0.140533 1
0.351360 1
1.634302 1
0.662345 1
0.968514 4
0.811236 4
0.928210 11
0.005314 23
0.000020 38
0.000036 110
0.000570 92
43.102152 1
0.110691 1
0.231105 1
0.335633 1
0.090179 1
4.444503 1
1.012504 1
0.089041 1
0.225683 1
0.095608 1
0.341547 1
1.312640 4
1.811150 1
1.162436 4
0.527413 4
0.145271 4
0.146346 4
0.139820 4
0.446176 1
0.234595 1
0.225933 1
0.276966 1
0.436875 1
0.118844 1
0.170350 1
0.145574 1
0.763503 1
2.086549 4
2.193199 11
0.001693 92
1.519874 1
0.119717 1
0.261215 1
0.245154 1
0.073738 1
4.676224 1
0.274611 1
0.286660 1
0.144406 1
0.883174 1
0.886995 1
0.089304 1
0.326982 1
0.144752 6
0.592203 11
0.001166 92
2.277645 19
0.765846 37
0.683742 32
4.692908 4
0.500563 4
0.031311 4
0.030628 4
0.031883 4
0.030937 4
0.033898 4
0.030078 4
0.028658 4
0.031726 4
0.035208 4
0.031022 4
0.030682 4
0.030736 4
0.031696 4
0.030417 4
0.030952 4
0.031454 4
0.030953 1
0.031862 1
0.030664 1
0.031469 1
0.031556 1
0.031253 1
0.030584 1
0.033106 1
0.033561 1
0.033345 1
0.030357 1
0.038147 1
0.346107 1
0.077621 1
0.182221 1
0.343532 11
0.106584 921
0.008912 92
1.175926 3
0.791792 4
0.134841 4
0.125128 4
0.106224 1
0.123939 1
0.101896 1
0.099835 1
1.548674 1
0.676166 1
0.468722 1
0.824981 11
0.000431 23
0.000052 84
1.234102 3
0.236534 2
0.351160 22
0.612463 37
0.350041 32
0.402111 14
1.107030 1
0.751434 1
0.113360 4
0.524908 1
0.081861 7
1.064161 11
0.006562 117
0.000250 92
4.801586 89
0.025420 89
0.038575 89
0.026256 89
0.033427 89
0.032109 89
0.079122 89
0.103691 89
0.137092 89
59.723723 21
0.150761 27
0.171181 2
0.209636 22
0.145267 37
0.161374 32
0.336041 36
0.180100 33
0.286937 1
0.188642 1
0.135756 35
0.130738 33
0.326682 25
0.551570 2
0.237667 2
0.132376 22
0.150358 37
0.131174 32
0.125771 14
0.130094 35
0.712864 1
0.135976 1
0.129090 1
0.129639 1
0.634710 5
0.112394 5
0.408786 2
0.000182 9
0.001759 92
0.696658 14
0.206359 35
0.287387 27
0.134660 2
0.280747 22
0.133785 37
0.120425 32
0.136454 14
0.135341 35
0.350485 19
0.176419 9
0.486492 12
0.582275 9
0.188802 1
0.135493 1
0.126272 1
0.128811 1
0.665972 5
0.125923 5
0.841740 11
0.001773 55
0.000525 2
0.007208 73
0.005204 77
0.001330 73
0.001058 77
0.001031 73
0.000967 77
0.000975 73
0.001103 77
0.001545 73
0.003993 77
0.000293 73
0.001075 77
0.002674 73
0.001548 77
0.002114 73
0.002062 77
0.001400 73
0.001609 77
0.001012 75
0.001031 77
0.000064 2
0.000147 8
0.000036 84
16.586795 1
0.543015 4
0.159523 1
0.628441 7
0.225695 35
0.411317 1
0.160641 1
0.103586 1
0.186041 1
0.360816 5
0.225882 5
0.686910 5
0.536001 5
0.504816 2
0.000907 9
0.002517 92
1.097727 14
0.231524 33
0.712549 1
0.159864 1
0.133895 1
0.139180 1
0.331858 5
0.299842 5
0.286362 2
0.001323 9
0.021935 4
0.000073 26
0.000035 2
0.000025 4
0.000048 5
0.000025 31
0.000021 2
0.000025 4
0.001623 8
0.000043 84
20.530955 1
0.335615 4
0.225548 1
1.215162 7
0.611229 35
0.321219 1
0.155791 1
0.130988 1
0.134105 1
0.536478 5
0.139520 5
0.120731 5
3.433137 2
0.000169 9
0.002099 92
1.294086 1
0.360788 4
0.194082 1
0.304010 1
1.331565 1
0.754670 1
0.820001 1
0.074939 4
0.530465 2
0.000011 9
0.028404 92
5.560947 89
0.031673 89
0.031067 89
0.034158 89
0.032773 89
0.033730 89
0.031341 89
0.031759 89
0.022094 89
0.030943 89
0.036331 89
0.024867 89
0.019199 89
0.016680 89
0.015742 89
0.017759 89
0.030044 89
0.029970 89
0.038438 89
0.049064 89
0.064824 89
1.184448 8
0.532049 11
0.020773 92
14.704739 1
0.324680 1
0.165123 1
0.085750 1
0.982704 17
