0.004288 108
0.018269 92
0.539387 1
0.302152 1
0.104182 1
0.853471 1
0.625557 1
7.478919 1
0.101398 1
0.235575 1
1.051772 2
0.000332 17
0.000040 84
0.204209 1
0.277301 1
0.165402 1
0.582980 1
0.316244 1
0.767937 1
0.385653 1
0.257357 1
0.102556 1
0.185904 1
0.485022 11
0.000015 3
0.000021 2
0.000128 8
0.000037 84
3.549591 10
0.126051 22
0.546516 4
0.163681 4
0.426044 4
0.361725 1
0.096077 1
0.133532 1
0.581201 103
0.558858 8
0.177623 18
0.168239 22
0.743861 18
0.327117 11
0.000069 3
0.000073 10
0.000026 84
3.080728 1
0.411612 4
0.104702 1
0.206068 1
0.095215 1
0.155395 1
0.095242 1
0.888377 4
0.464373 1
0.799754 1
0.351386 4
0.164454 1
1.094098 1
1.107479 1
0.230820 1
0.335523 1
0.201079 1
0.421256 1
0.405409 1
0.212339 1
0.146030 1
0.234568 1
0.225789 1
0.334441 1
0.232973 1
0.500463 1
0.827893 103
0.468234 20
0.175672 35
0.179936 22
0.522345 18
0.292492 11
0.000013 21
0.000047 84
2.840710 1
0.124646 1
0.903417 1
0.250742 1
0.241894 1
0.123519 1
0.197200 1
0.210456 1
0.094415 1
0.165748 1
0.695544 11
0.000095 8
0.000012 84
2.024153 1
0.229525 1
0.195349 1
0.235410 1
0.181805 1
0.801570 4
0.431365 1
1.040298 1
0.785521 1
0.235876 1
0.135038 1
0.091422 1
0.265914 1
0.927451 1
1.181867 103
2.349803 1
0.751614 1
0.129541 1
0.601546 1
0.231100 1
0.632246 1
3.606104 1
2.166387 1
1.160415 1
0.358824 1
0.240656 1
0.226726 1
1.127870 1
1.724605 1
0.562901 1
0.671509 1
0.646367 1
0.407481 4
0.209936 1
0.636906 11
0.000120 15
0.000033 84
3.111253 1
0.168498 1
0.201957 1
0.244523 1
0.616346 1
0.176266 1
0.141050 1
0.656602 1
0.336204 1
0.459637 11
0.000213 92
1.202118 9
0.156025 26
1.104030 11
0.000108 7
0.000040 92
2.604726 1
0.064600 1
0.276459 1
0.241324 1
0.189374 1
0.114978 1
0.704258 1
0.178938 1
0.195152 1
0.206510 1
0.329182 103
2.815850 1
0.179676 1
0.210516 1
0.442282 1
0.139891 1
1.715061 1
0.164514 1
0.502192 1
0.833769 1
0.610737 1
0.852843 1
0.180740 1
0.767819 1
0.275086 1
1.384562 1
0.174983 1
0.456222 1
0.803566 1
0.393654 1
1.136528 1
2.470204 11
0.000041 8
0.000006 84
2.157405 1
0.104973 1
0.470552 11
0.004610 2739
0.000140 84
29.846910 1
0.069765 1
0.125545 1
0.582281 4
0.154025 4
0.904492 1
1.018031 1
0.328155 1
0.250671 1
0.130389 1
0.080141 1
0.110066 1
1.046328 1
5.767669 26
1.416868 36
0.000446 9
0.001518 92
2.160736 1
0.160689 1
0.310176 1
0.281554 4
0.119510 1
0.431473 1
0.531346 1
1.223557 1
0.270613 1
0.380992 1
0.382031 1
0.988442 1
4.086502 1
0.812640 1
0.697544 1
0.250175 1
0.099945 1
1.223542 1
2.096107 11
0.001514 92
2.492426 1
0.108997 1
0.899610 4
0.354270 1
0.415627 1
0.090368 1
1.038537 1
0.070639 1
2.732588 1
0.252246 1
0.239068 1
0.110865 1
0.135560 1
0.285566 4
0.211543 1
1.158331 1
0.339771 1
1.506973 1
0.922134 1
0.043246 1
0.176210 1
0.864288 1
0.439449 4
0.255349 1
0.864071 1
0.920970 1
1.556183 1
0.179309 1
2.217332 1
1.700235 1
0.410531 1
0.085819 1
0.079540 1
0.130777 1
1.569398 1
0.625278 1
0.804243 1
5.932362 1
1.148393 1
0.386073 1
1.268216 1
0.913364 1
0.316304 1
1.300562 1
0.230194 1
0.234869 1
0.109566 1
1.198767 1
0.887934 1
0.539382 4
0.336792 2
0.000021 9
0.021063 92
21.051626 1
0.256949 1
0.154711 1
0.105338 1
0.550286 17
