0.012382 68
6.103474 1
0.433600 1
0.147039 1
0.320186 1
0.907527 11
0.000152 803
0.000037 250
0.000032 390
0.000026 281
0.000018 296
0.000047 709
0.000007 68
0.000012 75
0.000005 64
0.000014 149
0.000014 170
0.000038 339
0.000033 68
1.426669 1
0.106366 1
0.259885 1
0.548596 1
0.061078 1
1.249244 11
0.001726 15
0.000046 199
0.000097 183
0.000013 674
0.000281 68
1.029052 1
0.185037 1
0.151509 1
0.907100 1
0.517872 1
0.589010 4
0.120707 1
0.898395 1
0.278641 1
0.748726 1
0.107631 1
0.321786 1
0.228129 1
0.131109 1
0.179525 1
1.067483 11
0.000146 87
0.000040 68
2.351654 13
0.689182 4
0.191632 4
0.139203 4
0.127530 4
0.140366 4
0.381689 4
0.496531 1
0.101999 1
0.349321 1
0.155563 1
0.137030 1
0.283491 1
0.068466 1
0.299824 11
0.000118 88
2.479659 1
0.168415 1
0.290045 1
0.152214 1
1.281531 1
0.216793 1
0.162565 5
0.341836 11
0.000111 68
2.044895 1
0.170477 1
0.446403 1
0.601254 2
0.000033 21
0.000102 68
2.295108 1
0.087132 1
1.569806 1
0.097785 1
0.585960 1
1.570676 1
0.738050 1
0.187430 1
0.185007 1
0.922187 1
0.159190 1
0.128927 1
0.766176 11
0.001652 68
2.555400 1
0.099358 1
1.211801 1
0.108258 1
0.100683 1
1.148400 1
0.405521 1
0.216109 1
0.795602 5
0.834548 4
2.487341 2
0.000028 9
0.001291 68
1.908192 1
0.146917 1
0.491330 1
0.376105 1
0.248890 1
0.192936 1
0.249453 1
1.447251 1
0.555199 1
0.168586 1
0.130804 1
3.073743 1
0.715293 1
0.108597 1
0.104479 1
0.956349 1
0.230142 1
0.180641 1
0.248975 1
1.073556 1
0.565974 1
0.132809 1
0.122845 1
4.302015 11
0.001832 68
7.531118 1
0.150146 1
1.745113 1
0.366713 1
0.213450 1
0.195683 1
0.259732 1
0.743462 1
0.367679 1
0.079313 1
0.132809 1
0.785933 1
0.484819 1
0.323366 1
0.594972 1
0.275692 1
0.702236 1
0.672208 1
0.278692 1
0.206702 1
0.206260 1
0.452725 1
0.206123 1
3.083389 11
0.008072 68
1.203168 1
0.135262 1
0.985646 1
0.655921 1
0.118755 1
0.112170 1
1.298581 1
0.108442 1
0.262884 1
0.139880 1
1.068429 1
0.962057 1
0.071619 1
0.130158 1
1.736176 11
0.007851 68
0.968084 1
0.211099 1
0.290314 1
0.152267 1
0.429468 1
0.286291 1
0.112497 1
0.396397 11
0.000036 53
0.000006 117
0.000005 14
0.000017 163
0.000004 30
0.000017 121
0.000005 84
0.000019 213
0.000019 117
0.000005 116
0.000015 111
0.000043 166
0.000020 159
0.000016 242
0.000021 214
0.000005 64
0.000072 227
0.000008 511
0.000005 157
0.000019 79
0.000004 70
0.000017 131
0.000016 198
0.000027 183
0.000021 182
0.000004 23
0.000005 29
0.000016 76
0.000020 200
0.000015 207
0.000016 258
0.000004 33
0.000017 175
0.000030 376
0.000004 31
0.000017 307
0.000005 75
0.000016 145
0.000020 211
0.000006 186
0.000062 400
0.000010 716
0.000004 49
0.000042 145
0.000032 68
3.708896 1
0.228612 1
0.178274 1
3.081175 11
0.001304 141
0.000018 72
0.000394 68
1.182610 1
0.238608 1
0.139811 1
0.079379 1
1.667136 11
0.094132 312
0.006267 68
1.176125 1
0.283373 1
0.127007 1
0.285709 1
1.387817 11
0.001047 34
0.000207 68
1.837487 1
0.115957 1
0.501199 1
1.075896 11
0.001317 47
0.000238 68
0.747080 1
0.101835 1
0.203077 1
0.865121 1
0.119588 1
0.158885 1
0.956686 11
0.001237 6
0.000232 68
2.564260 1
0.267203 1
0.123628 1
0.241764 1
1.044471 1
0.479075 1
1.506664 1
0.308493 1
0.649028 1
0.150062 1
0.099744 1
0.937984 1
0.412929 1
0.105625 1
1.111489 1
0.149301 1
0.185230 1
0.243911 1
0.093964 1
0.191888 1
0.168740 1
0.249610 1
0.440208 1
1.776857 1
0.109443 1
0.179749 1
0.218920 1
0.229323 1
0.089630 1
0.165992 1
0.933077 1
0.206139 1
0.431153 1
1.337648 1
0.396336 1
0.298968 1
0.391854 1
0.229720 1
0.209207 1
0.130492 1
0.175161 1
1.558080 1
1.363333 1
0.221736 1
0.809876 1
0.492810 1
0.727441 1
0.089444 1
0.097028 1
3.004348 11
0.001584 29
0.000515 68
1.596911 1
0.326492 1
0.471790 1
0.229373 1
0.698743 1
0.554784 1
0.253900 1
0.168983 1
0.708022 1
0.376683 1
0.072509 1
0.099815 1
0.439330 11
0.001145 29
0.000319 68
1.329556 1
0.075785 1
0.137920 1
0.989241 1
0.129558 1
0.696836 1
1.876850 4
0.997681 1
0.252645 1
0.307869 1
0.505298 1
0.742510 1
0.717448 1
0.110225 1
0.106997 1
0.675219 4
0.153496 4
0.128319 1
0.303494 1
2.105728 11
0.002712 75
0.000354 63
0.000146 60
0.000257 90
0.000059 362
0.000019 45
0.998676 6
0.000028 13
0.171903 18
0.000030 1
0.166913 18
0.000032 1
0.126187 18
0.000029 1
0.148919 18
0.000047 1
0.130427 18
0.000009 1
0.159142 19
0.250019 18
0.000032 1
0.524135 6
0.000012 28
0.000266 45
0.312877 6
0.000031 39
0.827139 6
0.000062 39
0.735802 6
0.000036 39
0.090735 6
0.000034 39
0.209093 6
0.000032 12
0.000016 27
0.372522 6
0.000030 39
0.328868 6
0.000028 39
0.170086 6
0.000028 39
1.438218 18
0.000026 1
0.643560 19
0.000116 6
0.000039 28
0.030177 18
0.000028 1
0.029890 18
0.000033 1
0.031031 18
0.000010 1
0.029942 18
0.000036 1
0.029052 18
0.000010 1
0.030089 18
0.000046 1
0.029838 19
0.029945 18
0.000023 1
0.030499 18
0.000027 1
0.030462 19
0.029951 18
0.000040 1
0.029588 18
0.000019 1
0.030593 18
0.000013 1
0.201204 18
0.000013 1
0.183537 18
0.000011 1
0.220271 18
0.000008 1
1.512155 18
0.000022 5
0.592909 18
0.428853 18
0.000025 7
0.492022 6
0.000033 13
0.304705 6
0.000058 13
0.114436 6
0.000027 13
0.268647 6
0.000049 13
0.262393 6
0.000023 13
0.119221 6
0.000034 13
0.746806 6
0.000038 15
0.127614 6
0.000035 13
2.928044 6
0.000082 17
1.107293 6
0.000182 42
0.001321 28
0.000024 70
0.000033 5
1.283250 6
0.000163 57
0.000007 8
0.000419 68
1.240218 1
0.408225 1
0.096493 1
0.715338 1
0.615771 1
0.310929 8
2.422903 11
0.001317 46
0.000275 68
7.604611 1
0.335735 1
0.122875 1
0.183502 1
1.051977 11
0.000055 6
