0.019012 68
1.610605 2
0.121917 2
0.063906 2
0.994647 4
0.126539 4
0.138470 4
0.117464 1
0.119611 1
0.132666 1
0.746270 1
0.149068 1
0.090212 1
0.249395 1
7.344361 1
0.241134 1
0.310054 1
0.133405 1
0.132932 1
1.878703 1
0.078190 1
2.783364 1
0.609570 1
1.228665 11
0.016318 80
0.000358 102
0.001981 83
0.000279 1975
0.008621 115
0.000032 156
0.000722 1976
0.000011 119
2.525935 21
0.000039 271
0.000048 67
1.695618 27
2.255722 21
0.000036 172
1.575018 30
1.207447 28
0.122792 28
0.140166 28
0.180110 28
0.288607 28
0.099056 28
0.169821 28
1.161394 29
0.482148 52
1.846771 29
0.212142 29
1.812502 29
0.102580 29
0.140139 29
0.239112 29
0.337159 29
0.528965 52
1.748414 39
0.898913 36
0.679780 28
0.088869 28
0.069414 45
0.106875 27
0.371112 28
0.120452 28
0.236827 28
0.043445 28
1.734621 30
0.177380 41
2.079529 58
0.764823 30
0.629199 50
2.437821 30
1.949516 28
0.145524 44
0.948151 32
0.206635 28
0.203657 47
3.135760 41
0.612167 41
1.231047 43
0.846122 42
0.231111 42
1.107982 42
0.385443 42
0.725918 38
0.144875 38
0.120493 42
0.087401 42
1.820276 50
0.926215 32
0.208068 32
0.191923 32
0.067027 32
0.122461 32
1.337793 32
1.416841 32
0.624995 41
0.220060 40
0.781303 41
0.207218 40
1.489187 41
0.146774 42
1.197788 41
0.219165 40
2.047660 40
0.546903 40
0.711287 40
0.897666 40
0.130495 40
0.452354 40
0.166810 40
0.132270 40
0.283458 41
4.064211 46
0.925434 46
1.668744 75
0.368821 62
1.674528 60
1.548326 47
1.627448 36
0.498883 36
0.209784 36
1.529930 36
0.201946 36
0.610228 36
0.351416 36
0.129998 38
0.129526 37
0.407437 38
0.134909 37
0.144012 36
0.428935 36
0.148696 38
0.141198 37
0.211410 37
1.361171 58
2.811322 40
0.474222 40
0.162196 40
0.078267 40
1.599460 40
0.614711 40
0.574150 40
0.717496 41
0.995995 32
0.161415 32
1.078114 32
1.872959 31
0.678382 32
0.293313 32
0.457291 32
1.009148 32
0.145635 32
2.358689 33
0.817786 32
2.534822 40
0.865949 67
0.807522 56
0.297624 69
1.596640 31
1.175409 157
0.890050 48
0.354831 56
0.955102 46
4.760326 52
2.546786 30
1.087925 28
0.128982 28
0.147850 28
0.227534 46
1.868320 53
0.901137 33
0.245349 33
0.109982 33
0.182721 33
3.330192 43
0.151552 43
0.136675 43
0.136052 41
0.143430 30
0.511477 118
0.356797 41
0.142419 36
0.259985 36
0.778934 28
0.204638 28
0.303341 46
0.207539 41
2.774559 41
0.240065 41
0.570178 43
0.079828 42
0.199141 42
1.317062 53
0.778457 33
0.331497 33
0.134698 33
0.103158 33
0.576257 33
1.110193 33
0.668919 33
1.037626 42
0.795611 41
0.371593 41
0.669839 41
0.664372 41
1.148154 41
0.447802 41
0.199233 41
0.222928 41
0.367377 41
2.674118 48
0.980044 47
0.725926 41
0.802124 56
0.505517 48
4.383413 54
2.212263 31
1.131427 29
0.149253 29
0.098947 29
0.183249 47
0.863890 52
0.334206 33
0.363827 33
0.121808 33
0.109559 33
0.289810 33
1.257371 33
1.095222 33
0.759983 42
1.577348 41
0.216089 41
0.323216 41
0.219472 41
0.236034 41
0.209780 41
0.654636 41
0.242924 41
0.203368 41
0.169816 42
1.493844 41
0.602321 56
2.473299 32
0.184742 47
1.463090 57
0.139324 57
0.344536 55
0.229639 32
0.840384 48
3.415841 54
1.185492 31
1.818033 29
0.156817 29
0.171928 29
0.186814 29
0.199872 48
1.976336 52
1.027202 33
0.169671 33
0.280373 33
0.272452 33
0.301863 33
0.109567 51
1.144405 32
0.170240 42
0.269739 33
1.213935 54
0.362954 54
23.532766 40
0.100193 17
0.001070 61
2.089459 47
1.245190 1
0.202038 1
0.987841 1
0.000010 20
0.000052 11
0.007097 136
0.000378 76
0.001099 68
15.874617 1
0.362041 1
0.139025 1
3.221145 1
0.951337 1
0.139058 1
0.598662 1
0.128467 1
0.117716 1
1.789453 1
0.079535 1
0.475152 1
0.783549 1
0.195517 1
0.181996 1
1.048238 1
0.130248 1
8.551307 1
0.169121 1
0.346654 1
0.212242 1
0.083093 1
1.011848 1
0.082841 1
2.601476 11
0.031655 68
3.860055 1
0.391862 1
1.006965 1
0.127300 1
0.619363 6
1.462764 11
0.000985 9
0.000011 2
0.000208 68
4.026091 1
0.447162 1
0.149327 1
0.133071 1
1.635778 11
0.000031 6
