0.007778 78
2.349833 1
0.066588 1
0.173531 1
0.156344 1
1.567414 1
0.099269 1
0.222963 1
0.133103 1
1.471084 1
0.179453 1
0.132066 1
0.080350 1
0.668558 11
0.010557 25
0.013558 1034
0.000037 1030
0.000057 763
0.665740 28
0.001222 78
0.756032 1
0.070452 1
0.260689 1
0.246047 1
0.997846 1
0.241531 1
0.217694 1
0.369879 1
0.262195 1
0.129693 1
0.099325 1
0.203550 11
0.005822 61
0.000498 78
1.142983 11
0.444677 4
0.236231 11
0.010037 25
0.015103 1038
0.000011 1003
0.983784 28
0.001168 78
0.441265 10
0.778194 1
0.189730 1
0.349862 1
0.219501 11
0.165923 11
0.162353 11
0.559232 7
0.116836 7
0.202660 7
0.367160 11
0.008249 25
0.013234 1102
1.349646 33
0.000007 276
0.000028 234
0.016020 33
0.000008 338
0.000007 86
0.015531 238
0.000012 119
0.023072 33
0.000085 86
0.000054 238
0.046590 33
0.000120 86
0.000068 238
0.104467 33
0.000021 86
0.000018 33
0.000016 86
0.000017 33
0.000039 86
0.211678 28
0.001160 78
9.130765 1
0.149390 1
0.142500 1
0.719562 1
0.186130 1
0.136016 1
0.096192 1
0.206973 1
0.140700 1
0.261341 1
0.206777 1
0.139698 1
1.337535 1
0.156122 1
0.768945 1
0.174897 1
0.553618 1
0.196812 1
0.086648 1
0.089989 1
0.548803 11
0.005776 33
3.461307 2
2.031966 37
0.000131 33
1.919025 2
0.048491 78
6.450080 1
0.177794 1
0.159574 1
0.409391 1
0.152538 1
0.615733 1
0.072601 1
0.237800 1
0.131419 1
0.170798 1
0.801583 1
0.765062 1
0.432893 1
0.975203 1
0.142746 1
0.955670 1
0.186054 1
0.096090 1
0.103301 1
0.492556 11
0.010615 25
3.993475 2
0.000840 55
3.629625 2
0.015494 54
0.001318 78
1.652668 1
0.107221 1
0.141772 1
0.471491 1
0.327352 1
0.187756 1
0.532810 1
0.219638 4
0.419148 11
0.004911 14
3.402415 2
0.019237 16
2.650324 1
0.185595 1
0.256242 1
0.688602 1
0.230903 1
1.154844 1
0.388866 1
0.591949 1
0.202732 1
0.214081 1
0.574807 1
0.265874 1
0.109703 1
0.176895 1
0.189828 1
0.201748 1
0.300750 1
0.326065 1
0.629465 4
0.209435 1
0.538855 1
0.131951 1
0.769689 11
5.078507 67
0.000355 2
5.016322 53
0.000074 51
5.073814 57
5.029067 57
5.370109 62
5.005545 46
0.000012 11
5.020334 37
0.000238 16
14.707336 1
0.296277 1
0.102886 1
0.119774 1
2.379417 11
0.000035 6
0.001235 78
2.104761 1
0.129348 1
0.142220 1
0.144543 1
0.482461 1
0.219519 1
0.100092 1
0.735518 11
0.015880 37
9.878702 1
0.164948 1
0.353204 1
0.180411 1
1.310022 1
0.199209 1
0.167406 1
0.102045 1
0.758317 1
0.549653 1
0.290123 1
0.179808 1
0.228227 1
0.180498 1
0.087155 1
0.089608 1
2.951646 11
0.001692 100
0.000130 37
2.008467 16
0.426763 1
0.149780 1
0.144919 1
0.120372 1
0.129323 1
0.119752 1
0.154172 1
0.721295 15
0.161530 15
0.219904 15
0.510744 15
0.339085 15
0.340120 11
0.001601 21
0.000049 91
0.000145 37
13.584441 1
0.269190 1
0.118952 1
0.110437 1
0.496547 11
0.000040 6
0.002208 78
0.748759 1
0.257671 1
0.145760 1
0.103138 1
0.781947 11
0.000040 6
