0.036017 16
0.000749 8
0.000684 60
1.172958 1
0.212963 1
0.245557 1
1.401629 1
0.129919 1
0.458634 1
0.317070 1
0.355784 7
0.843919 11
0.000259 90
1.689193 1
0.116165 1
0.635786 1
0.903532 1
0.471990 1
0.849269 1
0.437847 1
0.999217 1
0.248979 1
0.088673 1
0.122541 1
0.189364 1
0.435894 1
0.323236 1
0.427125 1
0.082977 1
0.109329 1
1.238677 11
0.004108 90
11.192554 1
0.259824 1
0.106122 1
0.145318 1
0.154067 1
3.202975 1
0.000342 2
1.507735 1
0.122338 1
0.606598 1
1.094494 1
0.596618 1
0.477103 1
1.065218 1
0.302798 1
0.266251 1
0.169919 1
0.139739 1
0.752745 1
0.655357 1
0.095634 1
0.076950 1
3.629943 11
0.034452 33
2.184871 2
0.091431 94
0.003269 90
2.823423 23
0.716590 1
0.156204 1
0.676242 1
0.197985 1
0.191014 1
0.468321 3
0.394379 9
0.511388 11
0.019508 90
15.698531 1
0.192743 1
1.564103 1
0.370991 1
0.114200 1
0.223583 1
0.575300 1
0.383315 1
0.695880 1
0.249578 8
1.611890 11
0.009330 34
0.001614 8
0.000104 82
16.393570 1
0.174563 1
0.159600 1
1.317963 1
0.300033 1
0.469654 1
0.109324 1
0.436710 1
0.938500 1
0.164921 1
2.253584 1
0.089686 1
0.117929 1
0.535742 11
0.120948 80
0.000470 49
0.000208 163
0.006956 83
0.000686 1559
0.003204 271
0.001180 1763
18.405076 21
0.000351 1109
11.594499 105
1.537721 38
0.512124 38
0.155827 38
0.343730 38
0.173466 38
0.874605 48
0.218906 48
0.172280 48
0.189934 48
0.368748 48
0.862649 27
0.230115 27
0.188031 27
1.075919 27
0.157218 27
0.890756 38
0.435069 16
0.000350 60
0.910100 46
1.814015 1
0.197250 1
0.279215 1
0.000236 838
11.247378 110
1.774698 22
0.000371 37
0.691281 22
0.000326 37
0.283682 22
0.000206 37
0.182694 22
0.000351 42
1.245294 47
1.257676 1
0.130299 1
0.000227 898
3.134927 56
1.530211 1
0.309791 1
0.380346 1
0.005240 103
0.003156 90
6.187421 1
0.088312 1
1.484416 1
0.231066 1
0.319129 1
0.166674 1
0.148536 1
0.913395 1
0.249536 1
0.945397 1
0.130548 1
0.043031 1
0.928167 1
0.357045 1
0.128731 1
0.104838 1
0.597529 1
0.090286 1
0.125450 1
0.111175 1
0.387815 1
0.500052 1
0.128875 1
0.073871 1
0.616892 11
0.011491 120
0.000763 90
10.674201 1
0.527042 1
0.231996 1
0.639124 1
0.087105 1
0.294651 8
0.577311 11
0.002452 95
0.000595 90
11.107461 1
0.149503 1
0.142886 1
0.637680 1
0.177690 1
0.678489 1
0.118971 1
0.159677 1
0.606782 1
0.103183 1
0.169914 1
0.511976 1
0.353405 1
0.222912 1
0.159091 1
0.722680 1
0.221087 9
1.769230 11
0.019286 90
1.525582 1
0.175738 1
0.606965 1
0.808844 1
0.113330 1
0.216586 1
0.740240 1
0.294576 1
0.102615 1
0.141752 1
0.204704 1
0.603025 1
0.675495 1
0.721726 1
0.105792 1
0.057837 1
0.711455 11
0.002293 34
0.000536 90
7.814350 1
0.316325 1
0.610376 1
0.157329 1
0.441273 17
