0.016394 16
0.000208 68
2.067376 1
0.130996 1
0.295611 1
0.123602 1
0.461699 1
0.274194 1
0.328342 1
1.573638 11
0.021372 33
5.962260 2
0.061600 42
13.262972 1
0.073003 1
0.987819 1
0.126712 1
0.419696 1
1.203796 1
0.342525 1
0.336410 1
0.665986 1
0.259599 1
6.296412 2
0.000195 1
0.000178 1
0.972800 1
0.244216 1
0.381715 1
0.268998 1
0.100608 1
0.311917 1
0.443231 1
3.969081 11
0.001448 42
1.090326 1
0.222997 1
0.555659 1
0.904447 1
0.758864 1
0.794138 1
0.278451 1
0.599258 1
0.598370 1
0.153923 10
1.323293 11
0.000134 70
14.266397 1
0.156522 1
0.250461 1
0.239162 1
0.239693 1
1.104330 1
0.505338 1
0.236741 1
0.312373 1
0.129979 1
0.767160 1
0.000230 1
1.049477 1
0.380103 1
0.105819 1
0.080005 1
1.062219 11
0.001311 70
30.195232 1
0.121311 1
0.199954 1
0.208162 1
0.502455 1
0.660456 1
0.263487 1
0.210785 1
0.758773 1
0.292749 1
0.226955 1
0.155974 1
1.108362 1
0.452943 1
0.347714 1
0.150732 1
0.559599 1
0.198472 1
0.080534 1
0.123473 1
1.217782 11
0.036147 70
3.820810 1
0.073735 1
0.308068 1
0.532954 1
0.114087 1
1.157535 1
0.858156 1
0.159737 1
1.050633 1
0.129792 1
0.856101 4
0.531837 4
0.168747 4
0.737140 1
0.439838 1
0.195913 5
1.939644 1
0.202486 1
0.279601 1
0.188808 1
0.171453 7
1.274488 11
0.001270 70
14.165478 1
0.395812 1
0.073019 1
0.209836 1
0.661755 1
0.213240 1
0.279570 1
0.106078 1
0.237313 1
0.605239 1
0.076289 1
0.502997 1
0.426947 4
0.135963 1
0.112176 1
2.416201 1
0.109761 1
0.716061 4
0.191323 1
0.140207 1
0.217557 1
1.457187 11
0.009588 70
8.459277 1
0.126184 1
0.163313 1
0.163086 1
1.134232 1
0.281119 1
0.122218 1
0.216069 1
0.498258 1
0.210483 1
0.236824 1
0.162493 1
1.158469 1
0.528223 1
0.337950 1
0.165759 1
0.516252 1
0.190280 1
0.115676 1
0.116447 1
1.088105 1
0.907840 11
0.039374 70
2.184200 1
0.133257 1
0.213354 1
0.169437 1
0.875159 1
0.262770 1
0.122491 1
0.249061 1
0.919769 1
0.428852 1
0.310206 1
0.665999 1
0.392393 1
0.288444 1
0.240163 1
0.197049 1
0.339147 1
0.152742 1
0.759209 1
0.227354 1
0.279223 1
0.475425 1
0.216520 1
0.997553 1
0.202636 6
6.105815 11
0.019237 70
1.622630 28
0.554206 1
2.138169 11
0.013373 70
13.023506 1
0.089423 1
0.237146 1
0.459193 1
0.142683 1
1.514464 1
1.357920 1
1.001113 1
0.101045 1
0.255579 1
0.225641 6
1.413700 1
0.088343 1
0.265318 1
0.125315 1
0.211579 1
0.192105 1
0.955186 1
0.340144 1
0.099056 1
0.086784 1
3.161033 11
0.001879 70
12.026222 1
0.097404 1
0.285611 1
0.245876 1
0.297283 1
0.546158 1
0.512738 1
0.168704 1
0.578858 1
0.190059 1
0.375028 7
2.553291 11
0.003792 60
0.000232 70
3.564296 1
0.091742 1
0.276080 1
0.111833 1
0.257672 1
0.850768 1
0.393448 1
0.375373 1
0.287280 1
0.945179 1
0.325670 1
0.088164 1
0.261732 1
0.133608 1
0.988950 3
0.070044 1
0.085747 1
0.080168 1
0.698186 11
0.238353 233
0.005970 70
3.066291 20
0.321540 1
0.153567 1
0.155688 1
0.132339 1
0.500419 1
0.029806 1
0.042236 1
0.019258 1
0.030241 1
0.028269 1
0.029255 1
0.050181 1
0.011185 1
0.036968 1
0.042121 1
0.010897 1
0.129220 1
0.718921 3
0.174404 5
0.359244 5
0.621756 11
0.001140 70
28.610185 1
0.102284 1
0.190885 1
0.114772 1
0.610560 1
0.166071 1
1.275726 1
1.124264 1
0.245466 1
0.261220 1
0.819145 1
0.171331 1
0.885089 1
3.659883 11
0.015541 2
1.438854 1
0.168619 1
0.169243 1
2.364250 1
0.528865 1
0.069806 1
0.259521 1
0.119983 1
0.179656 1
0.192650 1
0.736786 1
4.116780 1
0.097292 1
0.099872 1
8.443014 2
0.029980 2
0.024552 80
0.000271 57
0.002311 83
0.000310 2047
0.000035 4094
0.000071 643
0.000307 4095
0.000028 2486
3.747235 53
0.756680 53
1.030599 53
2.744261 53
1.169169 53
0.378615 52
1.350363 21
0.000048 83
2.376343 33
0.818842 31
0.156699 31
2.076684 40
0.571784 31
0.286621 31
0.392631 31
0.140005 31
2.485935 40
0.419254 31
0.330376 31
0.596396 31
0.202384 31
0.238521 32
2.233899 41
0.431698 31
0.296674 31
0.649154 31
0.702091 31
2.958362 40
0.443231 31
0.412154 31
0.362797 31
0.197445 31
7.872515 40
1.072185 31
0.325672 31
1.258189 31
1.063687 31
2.560606 40
0.762043 31
0.149038 31
0.136847 31
1.234956 40
0.735300 31
0.137515 31
0.212006 31
0.200654 31
1.142547 40
1.053559 31
0.329605 31
0.229234 31
0.156924 31
1.201550 42
0.798788 32
0.259537 32
0.139827 32
0.841549 32
0.355745 27
0.262980 27
0.190148 27
0.224057 27
0.237312 27
0.251449 27
0.270843 27
0.304117 27
1.605680 38
0.100061 16
0.000180 32
5.394755 43
0.564117 46
1.088087 1
0.160808 1
2.555764 1
0.000095 20
0.000063 12
0.003158 17
0.000546 70
0.001649 2
2.386765 1
0.271686 1
0.635928 1
0.075797 1
10.709315 3
0.133209 3
0.122832 3
0.173820 3
8.788775 1
0.279143 1
0.166744 1
0.112659 1
0.419729 2
0.001308 70
19.903187 1
0.106712 1
0.404134 1
0.336538 1
0.191747 1
10.812894 1
0.380248 1
0.153174 1
0.103346 1
0.412698 1
0.460656 1
0.101427 1
0.236551 1
0.137192 1
0.206087 1
0.166567 1
0.176426 1
0.914833 1
0.077108 1
0.088167 1
1.278758 11
0.001081 70
10.610598 1
0.260939 1
0.120906 1
0.269274 1
0.236804 1
2.053075 11
0.000061 6
0.000059 70
3.391184 1
0.129359 1
0.379874 1
0.109883 1
0.220220 1
0.189177 1
2.985503 4
0.123025 4
0.177691 4
0.098904 4
0.133297 4
0.197370 4
0.179520 1
0.099520 1
0.432032 1
0.732777 1
0.119980 1
0.261298 1
0.111630 1
0.218552 1
0.236768 1
0.598963 1
1.749241 1
0.087498 1
0.101898 1
0.597198 1
0.500010 1
0.029443 1
0.031459 1
0.033967 1
0.030943 1
0.025075 1
0.037016 1
0.167373 1
0.168914 1
1.282420 21
0.402136 23
0.149102 21
1.058281 3
0.537125 3
0.000069 3
0.039464 3
0.020852 3
0.033052 3
0.028701 3
0.035891 3
0.022987 3
0.028576 3
0.030681 1
0.029447 1
0.030939 1
0.029917 1
0.030441 1
1.403121 11
0.001342 61
0.000238 70
91.111093 1
0.273819 1
0.095241 1
0.337078 1
0.109965 1
1.737402 1
0.522311 1
0.165216 1
0.211384 1
0.259102 1
3.997052 11
0.000094 70
9.980754 1
0.086564 1
0.216233 1
0.404725 1
1.356075 1
1.271217 1
0.675650 1
0.372302 1
0.208941 1
0.877756 1
0.071667 1
0.756013 1
0.099671 1
0.449843 1
0.701930 1
0.102661 1
0.073704 1
3.500710 11
0.001009 70
0.735322 1
0.068877 1
0.572717 1
0.125253 1
0.131841 1
0.138536 1
1.265373 1
0.339447 1
0.315921 1
0.356473 1
0.389771 1
0.112582 1
0.136812 1
0.286748 4
0.139830 1
2.207138 11
0.001329 70
0.972986 1
0.634310 1
0.513707 1
0.159922 1
0.205185 1
0.926780 11
0.002693 217
0.000286 70
37.369984 1
0.247943 1
0.160686 1
0.141785 1
0.156017 1
0.828412 1
0.349237 1
0.152587 1
0.240533 1
0.307745 1
1.036855 4
0.143085 4
0.139302 1
0.208311 1
2.953426 11
0.000110 70
1.138771 1
0.239196 1
0.231487 1
0.334252 1
0.056276 1
2.972851 4
0.132391 4
0.068773 4
0.138001 4
0.302615 4
16.550507 1
0.199639 1
0.332705 1
3.054000 1
0.110905 1
0.676109 1
0.532182 1
0.143014 1
0.245848 1
0.167818 1
0.532230 1
0.658512 1
0.379390 1
0.066452 1
0.116013 1
4.616828 11
0.001283 70
0.671124 1
0.098384 1
0.290753 1
0.421970 1
0.105189 1
1.338652 1
0.467452 1
0.129247 1
0.126279 1
0.305011 1
0.497281 1
0.102478 1
0.199035 1
0.109647 1
0.211635 1
1.026860 1
0.108542 1
0.079615 1
2.204033 11
0.001037 71
0.000050 58
0.000222 70
4.759397 18
0.226727 1
0.222023 1
0.099462 1
0.140752 1
0.325185 9
0.921704 11
0.000995 70
4.133928 19
0.499201 13
0.835046 1
0.167533 1
0.125528 1
0.699665 34
0.618233 1
0.156639 1
0.143760 1
0.169975 1
1.002733 13
0.161771 9
1.248776 11
0.001181 70
0.660315 15
0.226411 34
1.371190 1
0.159663 1
0.116372 1
0.157876 1
0.471381 13
0.547137 9
0.815313 1
0.367354 1
0.141952 1
0.133449 1
0.140269 1
0.229111 1
0.836682 25
0.166841 25
0.163303 25
1.606220 21
0.728287 21
0.287356 21
2.312579 11
0.001078 70
1.126239 19
0.419125 58
0.599141 1
0.179665 1
0.110256 1
0.238299 1
0.561120 13
0.123669 9
2.010451 11
0.001206 70
0.589029 15
0.270040 34
0.508775 1
0.189992 1
0.129842 1
0.149413 1
0.560299 13
0.116375 9
0.754405 1
0.166346 1
0.146816 1
0.142869 1
0.139932 1
0.194467 1
2.189773 25
0.240281 25
0.229385 25
0.845354 21
0.179374 21
0.166799 21
1.719352 11
0.001098 70
0.839965 19
0.178721 58
0.369443 1
0.189631 1
0.139559 1
0.129457 1
0.574438 13
0.130553 9
1.530544 11
0.001336 70
0.608500 15
0.199990 34
1.587564 1
0.154239 1
0.145404 1
0.170377 1
1.228329 13
0.734584 9
0.413187 1
0.189176 1
0.189659 1
0.159710 1
0.160253 1
0.169612 1
0.297091 25
0.186715 25
0.160953 25
0.738066 21
0.212097 21
0.280148 21
1.354461 11
0.001080 70
16.159604 19
0.662427 58
0.596481 1
0.167739 1
0.205054 1
0.196175 1
0.535484 13
0.115966 9
4.297005 11
0.000977 70
2.585028 1
0.130271 1
0.359459 1
0.229574 1
0.120824 1
1.796311 1
0.496136 1
0.272689 1
1.668378 1
0.197543 1
1.877851 1
0.496698 1
0.382182 4
0.239795 1
1.401670 1
0.286090 1
0.406696 1
0.658655 1
0.351343 1
1.517769 1
0.247526 1
0.076171 1
0.183898 1
0.102275 1
0.527882 1
0.302002 1
0.818433 1
0.080628 1
0.079257 1
3.880972 11
0.007159 170
0.000249 70
105.038619 27
1.022613 1
0.499855 1
0.031028 1
0.029878 1
0.029731 1
0.163996 1
0.186324 1
0.154539 1
0.189026 1
0.189772 1
1.367955 1
0.226340 1
0.293071 1
85.896636 3
3.470811 5
0.514455 5
1.381060 3
0.163910 3
0.138197 3
0.104752 3
0.131936 3
0.280174 11
0.002292 168
0.000696 70
3.239295 25
0.727898 1
0.165082 1
0.137188 1
0.236843 1
0.137099 1
0.121505 1
0.125101 1
0.126512 1
0.278461 1
0.107672 1
0.200956 1
0.878555 5
0.625531 5
1.421295 3
4.484434 1
0.350655 1
1.232618 5
0.291326 5
2.501734 11
0.003547 70
18.512345 27
0.358000 52
0.419503 54
2.056930 67
1.002503 1
0.196864 1
0.137700 1
0.151734 1
3.946329 13
0.159258 9
1.012983 3
0.420111 3
0.185249 3
0.338196 3
1.575187 11
0.004414 70
0.693330 15
0.366268 42
0.676195 1
0.153450 1
0.099880 1
0.179996 1
0.262667 1
0.119247 1
0.137155 1
0.134425 1
0.156139 1
0.498239 1
0.175552 1
0.184195 1
0.156469 1
0.141711 1
0.160783 1
0.088779 1
0.447515 5
0.488254 3
0.189764 3
0.213299 3
2.162980 3
0.242815 3
0.165347 3
0.726879 21
2.350341 3
0.106421 3
0.164857 3
0.159839 3
0.149046 3
0.968203 3
0.844023 13
0.118324 9
1.750846 11
0.006796 70
4.968457 1
0.080386 1
0.216692 1
0.296357 1
0.107599 1
1.390591 1
0.617322 1
0.111646 1
0.189537 1
0.106256 1
0.488069 1
0.352808 1
0.358044 1
0.079003 1
0.081954 1
1.831476 11
0.003216 70
0.509623 15
0.299529 42
0.689577 1
0.153307 1
0.138671 1
0.129349 1
0.705973 13
0.094269 9
2.455293 1
0.140916 1
0.129141 1
0.123585 1
1.044684 1
1.188534 1
2.787263 1
0.241983 1
0.193423 1
0.175550 1
0.225800 1
0.162779 1
0.139483 1
0.934695 5
0.138202 5
0.175567 5
0.218331 5
17.779645 11
0.003778 70
8.578745 27
3.793415 67
1.055916 42
0.776225 1
0.157862 1
0.155997 1
0.119696 1
0.121805 1
0.164068 1
0.098030 1
0.133695 1
0.154973 1
1.074801 1
0.373579 1
1.436720 3
0.274963 21
0.345109 21
0.619624 1
0.168267 1
0.136428 1
0.152800 1
0.151972 1
0.128885 1
0.669302 5
2.110343 1
0.199301 1
0.178252 1
0.202236 1
3.282387 11
0.003784 70
2.381520 30
0.288704 45
0.441098 67
2.658504 1
0.159537 1
0.130412 1
0.139055 1
0.566786 13
0.197746 9
2.580998 11
0.002453 70
0.385732 15
0.208909 45
0.687282 1
0.740536 1
0.179539 1
0.322254 1
0.103503 1
0.479353 3
0.651287 13
0.197658 9
1.410483 1
0.186189 1
0.179567 1
0.143512 1
0.170708 1
0.118686 1
0.453933 25
0.384609 1
1.543390 5
3.497878 1
0.227189 1
0.147181 1
0.636948 5
0.390046 5
1.236154 1
0.195789 1
0.199822 1
0.215358 1
0.193443 1
0.273985 1
0.451474 1
0.449656 5
4.096875 11
0.002585 70
58.707895 1
0.099357 1
0.223602 1
1.023758 1
0.000564 1
1.294157 1
0.353109 1
0.096425 1
0.196556 1
0.170048 1
0.640460 1
0.484153 1
0.359721 1
0.120250 1
0.074250 1
2.346118 11
0.002510 70
1.123347 1
0.084255 1
0.763994 1
0.000738 1
0.000202 1
0.899662 1
0.213442 1
0.159103 1
1.604359 1
0.402035 1
0.085303 1
0.198621 1
0.151619 1
0.342135 1
1.116016 1
0.383254 1
0.099984 1
0.096353 1
4.812876 11
0.002588 70
2.581159 18
0.323476 57
0.389283 44
0.462953 69
0.727310 1
0.177836 1
0.165452 1
0.160176 1
0.563036 13
1.423619 9
0.138762 9
2.424624 11
0.002627 70
1.315482 16
0.374237 34
1.891667 1
0.303948 1
0.169717 1
0.162734 1
0.552095 13
0.250225 9
0.078403 9
0.861730 1
0.176758 1
0.130202 1
0.157419 1
0.129304 1
0.142293 1
0.164021 1
0.175179 1
0.542600 3
0.284313 27
0.271847 27
0.785963 23
0.159581 23
0.183133 23
3.470105 11
0.002611 70
2.236204 20
0.289183 62
1.091113 1
0.136002 1
0.109730 1
0.153276 1
0.703621 13
0.219817 13
0.271946 9
0.269370 9
3.105216 11
0.008072 70
0.437443 16
0.341377 36
0.438408 1
0.163994 1
0.129921 1
0.143470 1
0.132217 1
0.382377 35
0.929328 19
1.213758 16
0.632712 36
0.738277 1
0.289090 1
0.109389 1
0.127489 1
0.496103 13
0.143913 9
0.819372 1
0.160170 1
0.119868 1
0.155565 1
0.131931 1
0.133093 1
0.152114 1
0.760294 27
0.169798 27
0.185519 27
3.977826 23
0.072004 23
0.528792 23
7.546937 11
0.002623 70
1.742588 1
0.087139 1
0.429259 1
0.070402 1
0.217404 1
0.198277 1
0.898571 1
0.338681 1
1.946893 1
0.210833 1
0.114883 1
4.127931 1
0.311398 1
1.169395 1
0.059993 1
0.095507 1
20.965460 1
0.479090 1
0.108056 1
0.669556 2
0.669199 1
1.417809 4
0.146970 1
1.308852 1
0.178753 1
0.265673 1
0.273100 1
0.192540 1
1.094437 1
1.232153 1
0.108919 1
0.199192 3
0.929992 1
0.216658 1
0.803832 1
0.249811 1
0.253639 1
0.428459 1
0.626091 1
0.466056 1
0.558625 1
0.132895 1
0.302872 1
0.290086 1
1.057732 1
0.259675 1
0.245640 1
0.942475 1
0.459467 1
0.137288 1
0.181680 1
0.112036 1
0.653616 1
0.114280 1
0.899590 1
0.121374 1
0.077269 1
0.881250 1
0.406395 1
0.123047 1
0.179761 1
0.117415 1
0.298421 1
0.522468 4
0.559662 1
0.135862 1
0.611673 1
0.095603 1
0.072275 1
0.421234 1
0.326598 1
0.099736 1
0.172730 1
0.138994 1
0.809210 3
0.166532 1
0.591908 4
0.336842 615
0.815948 3
0.334914 1
0.339583 1
0.088474 1
0.089837 1
0.358558 1
0.319490 1
0.107444 1
0.191628 1
0.130579 1
0.239960 1
0.291498 1
0.568069 1
0.099609 1
0.076429 1
0.511860 1
0.486781 1
0.100223 1
0.191959 1
0.092966 1
0.204891 1
0.320863 1
0.406687 1
0.097021 1
0.093618 1
0.410846 1
0.334866 1
0.118163 1
0.197701 1
0.079178 1
0.245834 1
0.115929 1
0.267300 1
0.451743 1
0.091275 1
0.079104 1
0.375364 1
0.270466 1
0.110325 1
0.169469 1
0.116650 1
0.083007 1
0.392317 4
0.276773 1
0.156400 1
0.272618 1
0.686219 1
0.099104 1
0.080446 1
6.150454 11
0.004011 710
0.000751 70
26.470419 1
0.141122 1
0.296963 1
0.771137 1
0.108438 1
1.637228 1
0.359098 1
1.046622 1
0.089316 1
0.192143 1
0.060965 1
1.725696 1
0.108373 1
0.232861 1
0.228820 1
1.926594 1
0.269785 1
0.177962 1
0.284356 1
0.153748 1
0.455839 1
0.093169 1
0.151185 1
4.551164 11
0.010068 70
2.205192 1
0.073306 1
1.132138 1
0.000250 1
0.000131 1
0.812952 1
0.317703 1
0.481222 1
0.327029 1
0.837101 1
0.544228 1
0.118773 1
0.110843 1
0.388488 5
1.656833 11
0.002574 70
16.916360 1
0.101549 1
19.015636 1
0.321898 1
0.702757 1
0.156634 1
0.948424 1
1.900121 1
0.197512 1
0.744447 1
0.082307 1
0.181690 1
3.360599 11
0.017595 2
2.506979 1
0.200332 1
0.101012 1
1.458518 1
0.124965 1
0.155197 1
0.260414 1
0.644732 1
0.092799 1
0.238459 1
3.145171 4
1.039285 1
0.098803 1
0.423470 1
0.923169 1
0.099824 1
2.126673 1
0.364984 1
0.679421 2
0.618547 1
0.102335 1
0.217678 1
0.086894 1
0.196359 1
0.562580 1
0.092027 1
0.077858 1
3.863716 2
0.001964 2
1.547887 1
0.093355 1
0.445620 1
0.085940 1
0.118406 1
1.107503 1
0.362033 1
0.097301 1
0.813453 3
0.023523 1
2.569187 2
0.003503 2
1.286364 1
0.128685 1
1.432655 3
0.594141 2
0.002426 134
0.000592 2
20.150909 1
0.262561 1
0.122085 1
0.127642 1
3.245953 2
0.002938 70
15.939569 1
0.312778 1
0.138901 1
0.133832 1
1.414663 11
0.009750 12
0.003349 68
2.471563 1
0.294706 1
0.126630 1
0.170435 1
0.488167 17
