0.015984 16
0.000310 8
0.000047 70
2.351512 1
0.217869 1
0.107706 1
0.229481 1
0.140304 1
0.546544 11
0.000093 68
1.426741 1
0.109046 1
0.662877 1
0.105732 1
0.110641 1
1.181363 1
0.466019 1
0.138983 1
0.895375 1
0.346730 4
0.125537 1
0.612450 1
0.277056 1
0.181165 1
0.241968 1
0.298379 1
0.329652 1
0.738815 1
3.120321 11
0.003230 8
0.000121 60
1.206253 1
0.200883 1
0.256518 1
1.067262 1
0.109103 1
0.401972 1
0.250419 8
1.335071 11
0.000366 90
14.763407 1
0.875490 1
0.276815 1
0.186233 1
0.277055 1
0.952432 1
0.437317 1
0.188998 1
0.648035 1
0.150532 1
0.278165 1
0.492683 1
0.805664 1
0.640636 1
0.368662 1
0.100935 1
0.076329 1
1.743572 11
0.001643 90
9.396458 1
0.320120 1
0.315585 1
1.323076 1
0.479887 1
0.162865 1
0.292490 1
0.198138 1
0.390339 1
0.261569 1
0.272750 1
1.181791 1
0.374132 1
0.117074 1
0.069247 1
0.778775 11
0.027285 80
0.000406 51
0.000006 7
0.001509 69
0.000005 14
0.000344 1975
0.049993 115
0.000568 2033
6.475084 21
0.000098 278
1.639962 27
0.698766 21
0.000034 23
1.188621 21
0.000066 185
2.073185 27
0.831013 44
0.568849 22
0.000113 23
0.636573 21
0.000309 221
2.320151 30
1.375259 36
1.318254 31
0.427851 31
0.341517 31
0.179906 31
0.238997 32
1.879995 41
0.472574 36
0.451959 36
1.928866 36
0.377764 31
0.307903 31
0.179265 31
0.218435 31
0.095598 32
0.069083 31
1.194606 41
0.347505 36
0.372317 36
2.230340 36
0.364353 31
0.368985 31
0.084596 31
0.242237 31
0.112687 32
0.800001 43
0.384833 38
0.385871 38
0.972961 38
0.501668 32
0.297677 32
0.219289 32
0.109922 32
0.401326 33
0.348857 32
0.238523 32
0.949948 43
0.445495 38
0.381083 38
2.274208 32
0.511371 32
0.208173 32
0.346066 32
0.283871 33
0.158601 32
1.644824 33
0.411911 103
0.621944 28
0.178249 1
0.583311 30
0.501905 30
0.028921 30
0.049175 30
0.030005 31
0.011052 30
0.033234 1
1.146585 43
0.380682 38
0.298287 39
0.511002 38
0.326521 32
0.196202 32
0.222849 32
0.219630 32
0.311360 33
1.874794 32
0.103186 32
1.446150 43
0.338399 38
0.333570 111
0.550957 111
0.859919 32
0.738532 32
0.131882 32
0.077080 32
0.169347 33
0.187502 32
0.181998 32
0.139621 32
0.098115 34
0.111267 35
1.780069 111
0.544100 32
0.298631 32
0.180581 32
0.072693 32
0.595745 33
0.115751 32
0.384865 32
0.590340 111
0.488938 32
0.266858 32
0.350594 32
0.059811 32
0.859399 33
0.147909 32
1.688802 111
0.400288 32
0.195678 32
0.390573 32
0.131935 32
1.895406 111
0.637106 32
0.221703 32
0.307075 32
0.165335 32
0.255923 33
0.544097 111
0.384791 32
0.257794 32
0.422349 32
0.566766 32
0.151012 33
0.292985 32
3.155493 111
0.616905 32
0.200862 32
0.174751 32
0.220051 32
0.184376 33
0.164881 32
0.387760 32
0.161509 32
0.211481 34
1.445199 111
11.423412 40
0.121517 17
0.000498 75
2.111667 55
1.810039 47
1.167922 1
0.226257 1
1.078658 1
0.000200 33
0.003722 83
0.000722 76
0.002990 8
0.000054 82
6.715671 1
0.266855 1
0.177890 1
1.398267 1
0.247383 1
0.154301 1
0.296994 1
0.189939 1
0.211536 1
0.493929 1
0.240391 1
2.228239 1
0.377961 1
0.122717 1
0.107753 1
0.809283 11
0.002185 230
0.000542 8
0.000039 82
33.417209 1
0.086101 1
0.231557 1
0.629785 1
0.335798 1
0.175588 1
0.284120 1
0.158514 1
0.217563 1
0.215478 1
0.257117 1
1.441020 1
0.486748 1
0.080603 1
0.093884 1
1.071905 11
0.003309 156
0.000014 56
0.000006 2
0.000039 16
0.000271 90
15.561073 1
0.248799 1
0.157542 1
2.237282 1
0.257806 1
0.933776 1
0.676462 1
0.298832 1
0.190644 1
0.458700 1
0.188415 1
0.173433 8
1.475438 11
0.001198 236
0.000275 218
0.000385 90
18.840449 1
0.339740 1
1.177327 1
0.370450 1
0.341126 1
0.479947 10
1.096081 11
0.008051 172
0.000009 57
0.000023 189
0.000023 36
0.000263 90
17.111387 1
0.237279 1
0.171533 1
1.695845 1
0.220579 1
0.430246 1
1.551431 1
0.413066 1
0.147074 1
0.236418 10
0.796966 11
0.001352 206
0.000314 90
15.787943 1
0.348599 1
0.181197 1
0.598373 1
1.910132 1
0.424276 1
0.411051 1
0.737959 1
1.766653 1
1.976542 1
2.206539 1
1.516329 1
0.452773 1
0.298865 1
0.168598 1
0.270912 10
1.156715 1
0.528440 1
0.186904 1
0.219973 1
0.269560 1
0.119424 1
0.599319 1
0.322714 1
0.919960 11
0.003857 283
0.000265 8
0.000037 82
14.906237 1
0.094236 1
0.195208 1
0.150275 1
1.432507 1
0.282719 1
0.302908 1
1.459774 1
4.736903 1
0.387045 1
0.891665 1
0.169844 1
0.192016 10
1.025103 11
0.001325 36
0.000232 90
15.158920 1
0.103447 1
0.227856 1
0.311371 1
2.244628 1
0.239372 1
0.297565 1
0.189735 1
1.060801 1
1.314086 1
0.382350 1
0.297178 1
0.250395 1
0.679037 1
0.151044 1
0.662931 1
0.302773 1
0.529181 1
0.402580 1
0.098614 1
0.060859 1
0.777953 11
0.002590 72
0.000271 90
8.939690 1
0.201336 1
0.441790 1
0.194181 1
1.373369 1
0.447868 1
0.177355 1
0.221073 10
0.638648 11
0.001718 118
0.000011 112
0.000366 90
6.749404 86
0.010045 86
0.012023 86
0.011023 86
0.012348 86
0.012393 86
0.012187 86
0.017776 86
0.011496 86
0.012327 86
0.017879 86
0.237001 86
0.018581 86
0.010471 86
0.012867 86
0.015683 86
0.012524 86
0.017053 86
0.021626 86
0.179675 86
14.296699 1
0.192946 1
0.562709 1
0.210281 1
0.495248 1
1.381502 1
0.135456 1
0.242468 1
0.536538 1
0.163377 1
0.272454 1
0.964288 9
0.540060 11
0.001238 196
0.000041 34
0.000264 90
11.703727 1
0.309070 1
0.175827 1
0.108366 1
0.567584 11
0.000143 6
