0.014425 16
0.001807 8
0.000136 82
2.261852 1
0.148132 1
0.495702 1
0.468612 1
0.153716 1
0.242716 1
0.269342 5
1.559835 1
0.206622 1
0.442016 7
1.551243 1
0.103147 1
0.122435 1
2.985760 11
0.001753 90
10.804586 1
0.312351 1
1.497909 1
0.525861 1
0.161327 1
0.180649 1
1.200636 5
1.870913 1
0.345138 4
3.994777 1
0.000060 1
0.002565 7
1.220556 1
0.137325 1
0.125118 1
1.032199 1
0.459061 1
0.209607 1
0.279371 1
1.930782 1
1.026100 1
0.249674 1
0.728253 1
4.121415 11
0.001445 90
2.350412 1
0.106180 1
1.056478 1
0.521235 1
0.268874 1
0.248859 1
1.341232 1
0.300398 1
0.195377 1
0.669751 2
0.067228 1
1.703041 1
0.295864 1
0.286454 1
0.282257 1
1.315041 1
0.422046 1
0.149876 1
0.148320 1
0.483553 5
1.248056 1
0.203251 1
0.336797 7
1.294456 1
0.085665 1
0.102580 1
1.191980 11
0.001814 132
0.000334 90
16.623321 1
0.079968 1
1.072087 1
0.645904 1
0.417680 1
0.759746 1
0.485786 1
0.159745 1
0.152032 1
0.629986 1
2.122550 1
0.131723 1
0.347748 1
2.058436 1
0.449863 1
0.196815 1
0.241520 1
0.154057 1
1.261568 1
0.252377 1
0.289430 1
1.021762 1
0.564733 1
0.113843 1
0.364937 1
1.619304 1
5.079550 4
4.012563 11
0.001324 90
2.162859 1
0.132904 1
0.526137 1
0.571103 1
0.957762 1
0.567456 1
0.411712 1
3.530659 1
0.174403 1
0.625704 1
0.203777 5
1.571108 1
0.179316 1
0.140391 1
0.000010 6
2.694033 1
0.078594 1
0.615861 1
3.615882 11
0.001769 72
0.000352 90
77.109234 1
0.309147 1
1.987165 1
20.313958 1
0.175919 1
0.632368 1
0.675155 1
0.174650 1
0.196898 1
0.578072 1
0.488191 1
0.122584 1
0.218874 1
1.918415 1
0.328556 1
0.143498 1
0.189802 1
0.235309 1
5.260980 11
0.001420 90
11.681755 1
0.293293 1
1.207555 1
0.561683 1
0.260055 1
0.946447 1
0.320097 1
0.178891 1
0.351156 1
0.233290 1
0.863807 11
0.001809 86
0.000298 90
3.192190 1
0.221208 1
2.893463 1
0.489301 1
0.359162 1
0.230800 1
1.267670 1
0.862116 1
0.199326 1
0.176131 1
1.354956 1
0.591489 1
0.387464 1
0.205129 1
0.206106 1
1.804208 1
0.414213 1
0.997827 1
0.000090 1
6.906942 11
0.001830 99
0.000021 10
0.000145 142
0.000322 8
0.000037 82
21.287557 1
0.145759 1
0.094257 1
0.376449 1
0.390219 1
0.159816 1
0.269319 1
3.314763 1
0.697483 1
0.200769 1
0.479266 1
0.975594 1
0.441695 1
0.099160 1
0.277008 1
0.721511 1
0.140112 1
0.229124 1
0.156862 1
0.330283 1
2.507917 11
0.015909 80
0.000473 109
0.001425 83
0.000363 2047
0.000037 4095
0.000023 400
0.009451 115
0.000041 156
0.000481 1990
0.000064 2047
0.000015 2047
0.000010 585
3.329114 24
0.000022 23
1.829459 42
1.469712 21
0.000046 172
1.307774 30
0.656109 28
0.692827 28
0.125848 28
0.211595 28
0.195197 27
1.311704 28
0.164492 28
0.208044 30
0.659018 28
0.420475 29
0.135407 29
0.220827 29
0.148952 29
0.143146 28
0.274891 29
0.077664 29
0.083174 28
0.402929 30
0.145850 29
0.246824 29
0.982542 29
2.470749 29
0.292613 29
0.179501 29
1.144932 29
3.798132 40
0.100845 17
0.000185 62
1.420833 47
1.050031 1
0.140167 1
1.468534 1
0.000014 20
0.000045 18
0.007059 134
0.000357 76
0.001041 8
0.000050 82
21.010994 1
0.971349 1
0.144851 1
0.481754 1
0.727541 1
0.151006 1
0.621881 1
0.000371 1
1.653854 1
1.613574 1
0.171531 1
0.294102 1
1.939692 1
0.772045 1
0.088014 1
0.118472 1
5.852603 11
0.016176 80
0.000332 105
0.001429 83
0.000242 2047
0.000072 4094
0.000011 401
0.009732 115
0.000038 156
0.000536 1990
0.000013 2047
0.000061 2047
0.000079 581
7.843603 47
0.047412 46
1.395003 21
0.000051 172
0.732595 30
0.808135 28
0.203937 28
0.132101 28
0.205888 28
0.149774 27
1.666490 28
0.349101 28
0.130170 30
0.217015 29
0.185808 29
0.445239 29
0.209977 29
0.578878 29
0.145584 29
15.050352 40
0.147706 17
0.000189 62
2.052980 47
1.037804 1
0.267455 1
0.778521 1
0.000030 20
0.000059 14
0.007356 134
0.000510 76
0.001818 90
7.928839 1
0.285902 1
0.102720 1
0.333503 1
1.607863 1
0.645148 1
1.004438 1
0.151494 1
0.969077 1
0.179441 1
0.149915 1
1.596312 1
0.287292 1
0.175838 1
0.645353 1
1.115183 1
0.216077 1
1.071611 1
0.145481 1
0.955811 1
0.267929 1
0.207948 1
0.125857 1
1.081773 1
0.709236 1
0.151042 1
0.311192 4
0.228827 1
0.975432 1
0.492995 1
0.156942 1
0.220578 1
0.220163 1
1.056212 1
0.132275 1
0.658031 1
1.158301 1
2.416036 1
0.298557 1
0.289661 1
0.699191 1
0.396279 1
0.486698 1
0.000053 1
2.747993 11
0.000222 90
13.415935 1
0.197392 1
0.549230 1
0.142566 1
0.119424 1
1.767388 2
0.000031 9
0.000130 68
4.541320 1
0.136936 1
1.208016 1
0.673112 1
0.155028 1
0.261223 1
1.183007 8
2.179489 1
0.181280 1
0.218643 1
0.223316 2
1.884122 1
0.171232 3
2.594814 1
0.178533 1
0.299339 1
1.097969 1
0.633104 1
0.076374 1
0.097093 1
1.124901 1
1.008051 1
0.224816 1
0.321141 1
2.701227 1
0.409363 1
0.102695 1
1.670298 1
0.465627 1
0.180123 1
0.229481 1
0.209526 1
0.252490 1
3.996555 11
0.001606 68
5.983055 42
0.785893 4
0.147711 4
0.138788 4
0.126451 4
0.236859 4
0.145249 4
0.142708 4
0.166917 4
0.260009 1
0.928288 1
0.130131 1
0.261088 1
0.244187 1
0.199448 1
0.433015 1
2.461638 1
0.519964 1
0.025876 1
0.031776 1
0.034433 1
0.008469 1
0.037182 1
0.046755 1
1.291794 1
0.534062 1
0.000143 1
0.030719 1
0.030227 1
0.029944 1
0.031933 1
0.036382 1
0.020561 1
0.030521 1
0.036689 1
0.023086 1
0.030985 1
0.030606 1
0.041249 1
0.017469 1
0.031393 1
0.030082 1
0.032419 1
0.032744 1
0.025046 1
0.027854 1
0.030421 1
0.029774 1
0.050084 1
0.011406 1
0.035146 1
0.023318 1
0.030257 1
0.031185 1
0.028609 1
0.030022 1
0.030382 1
0.041718 1
0.379287 3
0.229215 3
0.684227 9
0.539271 5
0.291861 5
2.366403 11
0.001816 68
1.931665 1
0.088429 1
1.499787 1
0.147560 1
0.402104 1
0.212927 1
0.827552 1
0.286881 1
0.269596 1
2.383118 1
0.392068 1
0.708490 1
0.113240 8
2.041998 1
0.163937 1
0.316002 1
0.835654 1
0.205155 1
1.165194 7
0.003235 1
0.945631 4
1.964025 1
0.171532 1
0.306839 1
1.737147 1
0.444856 1
0.263580 6
1.597314 1
0.408997 1
0.152477 1
0.281804 1
0.399264 1
0.239548 1
0.148966 1
1.533181 1
0.872835 1
1.617516 1
0.728455 4
0.162416 1
0.676030 1
0.219793 1
1.636672 1
0.572538 1
0.388668 1
0.100084 1
0.105983 1
2.638923 11
0.001904 86
0.000010 58
0.000028 173
0.000345 68
15.667555 1
0.630099 1
1.073574 1
0.659513 1
0.161956 1
1.244373 1
0.920650 1
0.654666 1
0.086473 1
0.995459 1
0.228624 1
0.540013 1
1.947302 1
0.738757 1
0.152744 1
0.214081 1
0.531671 1
0.122447 1
0.223841 1
0.136389 1
0.885178 1
0.448516 1
1.955793 1
0.179637 1
0.217238 1
0.342906 1
0.737761 1
0.076614 1
0.099811 1
0.809176 1
0.431455 1
0.177000 1
0.271734 1
0.307308 1
0.172077 1
0.219345 1
0.251403 1
1.087688 1
0.648272 1
0.138037 1
0.701067 1
1.197852 1
0.305534 1
0.201311 1
0.214620 1
1.765403 1
0.431291 1
0.179147 1
0.176449 1
0.191071 1
1.414713 1
1.209819 1
0.144300 1
0.345479 1
1.389736 1
0.671082 1
0.160998 1
0.245976 1
0.602365 1
0.123928 1
0.240116 1
0.168355 1
0.301476 1
0.704811 1
0.710906 1
0.119783 1
0.638867 1
0.173045 1
0.848414 4
0.877761 4
0.150079 4
0.156846 4
0.778473 1
0.175651 1
0.223364 1
0.161601 1
0.537053 4
0.271901 1
0.706126 1
0.142788 1
0.250433 1
1.185364 2
0.000092 2
3.182715 11
0.001420 58
0.000057 280
0.000047 104
0.000450 68
2.353311 1
0.182805 1
0.127342 1
3.046471 1
0.140998 1
0.799907 9
4.060602 1
7.367296 4
0.535470 11
0.000112 90
1.001083 14
0.338541 87
0.839668 11
0.002102 57
0.000020 58
0.000085 116
0.000016 107
0.000367 90
5.214031 1
0.088216 1
1.320398 11
0.001538 94
0.000274 90
13.865997 1
0.209377 1
0.425824 4
0.080848 1
2.186779 1
0.436924 4
0.369211 1
0.659446 1
1.205554 7
1.070153 11
0.000143 106
0.735352 11
0.540783 16
0.577041 75
2.391401 224
0.775915 4
0.130472 4
0.127667 1
0.430343 1
0.068838 1
0.249462 11
0.001494 44
0.000422 8
0.000041 98
13.786968 1
0.182905 1
0.223126 1
0.881496 1
0.156082 1
0.319067 1
0.210381 1
1.320868 1
0.775111 1
0.216648 1
0.069265 1
0.542959 1
20.790401 11
0.001538 106
88.756073 1
0.647800 1
0.245944 1
0.144162 1
0.523137 11
0.000059 6
