0.035313 16
0.000570 68
4.061741 1
0.153759 1
0.119331 1
0.139455 1
1.285659 1
0.168997 1
0.110619 1
0.327931 11
0.011167 33
1.760687 2
0.109197 60
8.503224 1
0.137350 1
0.170124 1
0.945251 1
0.107697 1
1.124937 1
0.210841 1
0.255900 1
1.108183 1
0.668121 1
0.703503 1
0.770810 1
0.357095 1
0.871609 1
0.395157 1
0.158130 1
0.271610 1
0.589565 1
0.608980 1
0.406350 6
1.458123 1
0.391699 1
0.267424 1
0.614328 1
0.919353 1
0.089145 1
0.404141 1
1.158189 1
0.789412 1
0.229884 1
0.132214 1
4.044002 11
0.003420 60
3.780691 1
0.260157 1
1.089228 1
0.182029 1
0.284858 1
0.190845 1
0.679245 1
1.209240 1
0.228966 1
0.137350 10
1.518860 1
0.368737 1
0.218697 1
0.231357 1
1.428612 8
2.493564 11
0.000055 94
1.959861 1
0.109684 1
0.336798 1
0.552047 1
0.206932 1
0.080336 1
1.188144 1
0.161378 1
0.719497 1
0.149773 1
0.286208 1
0.542997 1
1.105627 1
1.587658 1
0.600175 1
0.110286 1
0.167494 1
0.089727 1
0.423078 1
0.197438 1
0.478514 1
0.092393 1
0.091544 1
0.807477 11
0.008649 94
12.771803 1
0.205222 1
0.182854 1
1.428111 1
0.240445 1
0.240709 1
0.113954 1
1.345096 1
0.318462 1
0.279977 1
0.659735 1
0.579895 1
0.527559 1
0.788113 1
0.833001 1
0.214384 1
0.808277 1
1.099568 1
0.211167 1
0.240221 1
0.888043 1
0.069178 1
1.587711 1
0.673067 1
0.220158 1
0.975501 1
0.345382 1
0.373882 1
0.316632 8
4.332923 11
0.009864 94
3.299979 1
0.237216 1
0.297389 1
0.351424 1
0.241485 1
0.229215 1
0.167364 1
1.137061 1
0.449154 1
0.173372 1
0.119354 8
0.719730 11
0.011361 115
0.000232 94
21.660698 1
0.149006 1
0.402353 1
0.490098 1
0.299900 1
0.119518 1
0.623777 1
0.195468 1
0.147455 1
0.139825 1
1.847451 11
0.016619 2
1.508823 1
0.077999 1
0.144276 1
0.448700 3
0.231848 1
0.895954 1
0.425553 1
0.139921 1
0.176686 1
0.139228 1
0.552814 1
0.291765 1
0.765782 1
0.118239 1
0.106428 1
7.803922 2
0.043410 142
0.005345 83
0.000952 1861
0.012825 271
0.001220 1903
2.946508 77
0.000355 38
0.061851 77
0.000143 38
0.069409 77
0.000071 43
0.077838 80
0.000158 40
0.281903 80
0.000220 40
0.031371 80
0.000122 38
0.039278 77
0.000079 38
0.061947 115
0.507994 47
0.019569 46
0.011068 46
0.028122 46
0.019419 46
0.031240 46
0.052590 46
0.212646 46
0.023388 46
0.017343 46
0.021958 46
0.015651 46
0.041294 46
0.238590 47
0.009195 46
0.013451 46
0.009917 46
0.014988 46
0.027320 46
0.063689 46
0.056859 46
0.343141 47
0.014866 46
0.016034 46
0.024894 46
0.022139 46
0.022876 46
0.038046 46
0.414974 77
0.000267 38
0.031397 115
0.023286 77
0.000165 43
0.032542 120
0.025189 80
0.000399 40
0.123889 80
0.000147 168
0.325230 120
0.039068 120
0.091409 118
0.188947 80
0.000197 38
0.010217 175
0.019363 115
0.009210 47
0.023053 46
0.032060 46
0.240010 46
0.009327 46
0.021784 46
0.023152 46
0.068501 46
0.212259 47
0.011626 46
0.011491 46
0.015542 46
0.023994 46
0.023032 46
0.070158 46
0.171877 46
0.023410 46
0.015778 46
0.016861 46
0.022516 46
0.065767 46
0.108001 47
0.758402 115
0.015278 77
0.000098 38
0.021998 77
0.000048 43
0.008800 80
0.000251 40
0.017298 80
0.000074 40
0.014176 80
0.000250 169
0.030968 352
0.000322 183
0.090261 366
0.000273 175
0.205205 339
0.000096 173
0.009242 349
0.000081 170
0.013732 514
0.009127 337
0.000402 175
0.016759 340
0.000085 176
0.013789 341
0.000139 168
0.016113 349
0.000201 175
0.021383 344
0.000191 177
0.034055 345
0.000106 169
0.029199 344
0.000223 173
0.046622 340
0.000112 167
0.108693 339
0.000094 175
0.008823 338
0.000091 169
0.013409 337
0.000045 170
0.009179 341
0.000109 167
0.012956 340
0.000101 175
0.008773 340
0.000097 168
0.009783 343
0.000225 174
0.011996 337
0.000193 167
0.009540 518
0.033102 349
0.000148 172
0.009906 342
0.000373 170
0.021510 357
0.000018 168
0.009783 348
0.000181 175
0.026107 343
0.000028 177
0.010999 346
0.000408 174
0.010350 350
0.000213 173
0.025023 257
0.000216 172
0.022433 344
0.000285 260
0.024497 342
0.000524 174
0.022134 347
0.000195 178
0.008855 348
0.000157 176
0.012778 521
0.007278 357
0.000181 169
0.011170 467
0.011420 361
0.000327 172
0.009289 345
0.000345 176
0.029947 338
0.000211 207
0.025733 215
0.000438 165
0.012701 587
0.011539 338
0.000017 167
0.010184 342
0.000062 172
0.022044 360
0.000126 171
0.020581 344
0.000969 169
0.010590 341
0.000150 173
0.021694 455
0.011704 336
0.000216 168
0.020291 562
0.011039 224
0.000213 166
0.009134 433
0.000086 170
0.011896 518
0.007923 345
0.000088 168
0.011117 339
0.000088 170
0.011581 516
0.008451 334
0.000097 169
0.009950 290
0.000107 170
0.009341 343
0.000070 172
0.036840 356
0.000138 172
0.022707 343
0.000110 172
0.011034 345
0.000373 173
0.010367 352
0.000088 168
0.025586 338
0.000170 178
0.009656 356
0.000304 170
0.013307 362
0.000249 166
0.017553 370
0.000026 170
0.019889 348
0.000422 167
0.018479 341
0.000185 167
0.009959 264
0.017363 81
0.000264 40
0.010312 49
0.010482 48
0.009029 48
0.009924 48
0.010145 48
0.010500 48
0.009092 48
0.010863 48
0.033527 48
0.009567 48
0.020744 48
0.017283 48
0.009397 48
0.019110 48
0.009766 48
0.019793 48
0.029071 48
0.020074 48
0.015252 48
0.009399 48
0.011250 48
0.009542 48
0.012106 48
0.009074 48
0.009510 48
0.009581 48
0.010337 48
0.030721 48
0.013190 48
0.008984 48
0.020709 48
0.020644 48
0.009105 48
0.021968 48
0.008515 48
0.022431 49
0.009065 48
0.021626 48
0.027404 48
0.029399 48
0.010067 48
0.010989 48
0.009322 48
0.010673 48
0.011066 48
0.009320 48
0.011775 48
0.041534 48
0.031240 48
0.030388 48
0.008393 48
0.021104 48
0.029876 48
0.010226 48
0.017704 48
0.020485 48
0.034646 48
0.024457 48
0.065123 48
0.149447 121
0.009995 120
0.009602 120
0.012210 120
0.007722 79
0.000175 38
0.011917 77
0.000458 165
0.007723 335
0.000363 166
0.009365 332
0.000248 169
0.021237 342
0.000194 164
0.029520 332
0.000140 163
0.010123 328
0.000088 161
0.020041 337
0.000027 162
0.009601 326
0.000282 164
0.020560 326
0.000104 166
0.010035 338
0.000078 165
0.039696 330
0.000246 167
0.028115 338
0.000341 160
0.026717 397
0.000317 38
0.009281 325
0.000250 162
0.012741 401
0.000215 162
0.007989 330
0.000190 165
0.009343 328
0.000214 166
0.012839 332
0.000090 187
0.007743 328
0.000234 170
0.008786 322
0.000475 257
0.017595 329
0.000199 163
0.023043 326
0.000251 160
0.015889 369
0.000185 38
0.009549 327
0.000160 170
0.021359 414
0.000379 172
0.009154 343
0.000217 165
0.024514 331
0.000109 184
0.009378 333
0.000093 165
0.011128 338
0.000232 168
0.025192 341
0.002520 266
0.017778 496
0.021087 505
0.002061 334
0.002464 166
0.007567 249
0.000254 167
0.009850 339
0.000257 247
0.009776 341
0.000255 168
0.009206 333
0.000181 168
0.014358 331
0.000244 173
0.025922 337
0.000206 167
0.011488 330
0.000127 165
0.008970 432
0.000205 173
0.031267 325
0.000242 165
0.010232 329
0.000137 169
0.011277 325
0.000115 161
0.013010 337
0.000147 164
0.012778 326
0.000092 165
0.023797 329
0.000368 163
0.021655 326
0.000194 163
0.014805 333
0.000289 165
0.014539 324
0.000139 165
0.009369 331
0.000196 162
0.010437 334
0.002799 165
0.007026 340
0.000282 169
0.009132 333
0.000212 161
0.010142 339
0.000402 166
0.019987 334
0.000189 164
0.009740 337
0.000150 163
0.024633 334
0.000395 161
0.009272 335
0.000235 170
0.010978 338
0.000109 163
0.024883 337
0.000122 169
0.011470 539
0.009205 334
0.000589 168
0.028612 331
0.000211 179
0.009166 340
0.000222 167
0.022229 322
0.000261 171
0.030977 330
0.000391 165
0.009925 326
0.000132 167
0.012077 330
0.000153 169
0.008237 318
0.000144 156
0.010159 175
0.010772 77
0.000092 38
0.009200 47
0.010075 46
0.025089 46
0.033796 46
0.009136 46
0.010978 46
0.140350 46
0.009348 46
0.011205 46
0.010157 46
0.009990 46
0.009721 46
0.020282 46
0.039564 46
0.017047 46
0.010403 46
0.020372 46
0.009913 46
0.020960 46
0.021653 46
0.028522 46
0.009530 46
0.010294 46
0.016990 47
0.012479 46
0.007312 46
0.010262 46
0.012427 46
0.008187 46
0.009674 46
0.013016 46
0.030251 46
0.008992 46
0.036472 46
0.029590 46
0.033973 46
0.028986 46
0.009476 46
0.036170 46
0.032823 46
0.031652 46
0.064227 46
6.283358 46
1.446650 45
1.604544 23
0.000439 38
0.508116 23
0.000354 38
0.021144 23
0.000271 38
0.032200 23
0.000210 38
0.036707 23
0.000323 38
0.028640 23
0.000345 38
0.021700 23
0.000341 38
0.030046 23
0.000302 38
0.029726 23
0.000531 43
0.030776 24
0.000691 40
0.045434 24
0.000099 40
0.013915 64
0.030851 24
0.000280 40
0.026934 24
0.000445 40
0.032673 24
0.000313 40
0.029985 24
0.000686 40
0.025977 24
0.000339 40
0.037172 24
0.000649 169
0.023925 24
0.000075 174
0.036214 202
0.021529 24
0.000770 183
0.029476 24
0.000530 192
0.030480 24
0.000445 174
0.030168 24
0.000502 175
0.027791 24
0.000586 171
0.031369 24
0.000442 168
0.028927 24
0.000350 173
0.028549 24
0.000368 174
0.029311 24
0.000410 175
0.030077 24
0.000421 170
0.036337 198
0.023296 24
0.000434 166
0.030060 198
0.035749 24
0.000329 169
0.027885 24
0.000267 168
0.028498 24
0.000391 175
0.028707 24
0.000391 170
0.028198 194
0.030628 24
0.000265 176
0.036426 24
0.000216 169
0.022649 24
0.000381 172
0.027841 24
0.000510 168
0.030202 206
0.030435 24
0.000533 167
0.029062 199
0.031661 24
0.000708 169
0.028565 24
0.000682 175
0.028435 24
0.000316 177
0.028721 24
0.000383 174
0.035639 24
0.000514 171
0.024936 24
0.000487 169
0.034061 24
0.000079 176
0.037591 24
0.000488 168
0.017856 24
0.000901 173
0.028918 24
0.000875 169
0.027582 24
0.000296 171
0.032772 24
0.000568 167
0.026608 24
0.000377 168
0.055099 24
0.000479 171
0.003743 24
0.000305 175
0.030774 24
0.000388 169
0.034696 24
0.000417 169
0.024634 24
0.000255 169
0.029327 24
0.000450 168
0.041300 24
0.000639 169
0.018485 24
0.000429 170
0.027587 24
0.000492 170
0.030023 24
0.000172 171
0.031053 24
0.000243 167
0.028323 24
0.000697 170
0.037232 24
0.000445 170
0.022945 24
0.000406 175
0.027658 24
0.000226 173
0.031996 24
0.000295 167
0.028990 24
0.000391 168
0.030056 24
0.000287 168
0.030228 24
0.000615 175
0.028533 24
0.000371 174
0.027744 24
0.000309 166
0.035068 195
0.026553 24
0.000494 167
0.031874 24
0.000709 169
0.037437 24
0.000537 179
0.017414 24
0.000604 170
0.030975 24
0.000515 178
0.030816 24
0.000338 171
0.030601 24
0.000821 172
0.029751 24
0.000255 169
0.025992 24
0.000303 173
0.049502 24
0.000248 170
0.009782 24
0.002211 178
0.030764 24
0.000485 179
0.026242 24
0.000360 168
0.031934 24
0.000465 174
0.039310 24
0.000492 174
0.017510 24
0.000407 175
0.032516 24
0.000629 169
0.031455 24
0.000501 174
0.024298 24
0.000238 177
0.030967 24
0.000372 175
0.028873 24
0.000287 171
0.029997 24
0.000321 174
0.033517 24
0.000189 175
0.025782 24
0.000299 175
0.037303 24
0.000505 173
0.024299 24
0.000265 217
0.027877 24
0.000211 40
0.031064 24
0.000472 172
0.031250 190
0.027543 24
0.000113 178
0.029443 24
0.000403 260
0.032005 24
0.000611 173
0.033122 24
0.000287 169
0.022385 24
0.000253 174
0.032231 24
0.000556 170
0.029281 24
0.000562 177
0.033869 24
0.000264 178
0.022639 24
0.000375 174
0.035750 24
0.000567 174
0.024829 24
0.000290 176
0.031280 24
0.000219 173
0.027966 24
0.000958 171
0.030251 24
0.000471 177
0.030683 24
0.000399 167
0.030467 24
0.000168 190
0.027807 24
0.000351 169
0.028929 24
0.000229 173
0.029525 24
0.000305 253
0.030196 24
0.000214 41
0.028675 24
0.000197 183
0.030012 24
0.000472 178
0.037885 24
0.000393 172
0.023165 24
0.000278 168
0.126992 24
0.000115 40
0.500864 24
0.000144 40
0.034524 64
0.024843 24
0.000248 40
0.031782 24
0.000340 41
0.027448 24
0.000260 40
0.036257 24
0.000289 40
0.023872 24
0.000286 40
0.033705 24
0.000219 38
0.034343 23
0.000150 38
0.024832 23
0.000224 38
0.026777 23
0.000471 38
0.031674 23
0.000451 168
0.033876 23
0.000399 172
0.022493 23
0.000383 161
0.030337 23
0.000478 166
0.028043 23
0.000323 210
0.030048 23
0.000291 38
0.031123 23
0.000528 167
0.028036 23
0.000633 169
0.029455 23
0.000059 169
0.030051 23
0.005926 247
0.027698 23
0.000447 169
0.025394 23
0.000573 171
0.031697 23
0.000434 168
0.027649 23
0.000332 163
0.030464 23
0.000497 169
0.029479 23
0.000227 168
0.028608 23
0.000465 168
0.031038 23
0.000609 162
0.142490 23
0.000208 38
0.510942 23
0.000467 38
0.019603 23
0.000491 38
0.030830 63
0.029881 24
0.000298 40
0.029810 24
0.000325 41
0.256140 24
0.000104 40
0.603788 24
0.000526 104
0.043738 64
0.016878 24
0.000132 40
0.035377 24
0.000476 170
0.028013 24
0.000230 177
0.026972 24
0.000211 178
0.044344 24
0.000214 174
0.013707 24
0.002482 174
0.028864 24
0.000170 176
0.041257 24
0.000582 173
0.016624 24
0.000457 171
0.029778 24
0.000616 177
0.028468 24
0.000300 167
0.034326 24
0.000284 190
0.036630 193
0.020311 24
0.000671 173
0.028759 24
0.000432 253
0.031842 24
0.000291 41
0.026637 24
0.000331 183
0.030945 202
0.038823 24
0.000519 172
0.024264 24
0.000462 168
0.031678 24
0.000547 177
0.022975 24
0.000489 176
0.036010 24
0.000523 171
0.029278 191
0.027438 24
0.002779 207
0.023421 24
0.000310 41
0.031837 24
0.000593 174
0.026866 24
0.000497 165
0.030780 24
0.000258 168
0.029378 24
0.001628 249
0.035415 24
0.000134 170
0.024127 24
0.000405 170
0.030393 24
0.000408 168
0.031284 24
0.000567 167
0.030027 24
0.000585 166
0.023803 24
0.000296 176
0.033660 24
0.000385 172
0.032968 24
0.000894 167
0.025166 24
0.000338 193
0.027329 24
0.000255 171
0.031260 24
0.000296 172
0.034395 24
0.000496 172
0.033190 193
0.019760 24
0.000374 170
0.031278 24
0.000400 171
0.032268 24
0.000378 173
0.025861 24
0.000229 247
0.028899 24
0.000329 40
0.030459 24
0.000641 168
0.030240 24
0.001643 168
0.032126 24
0.000468 168
0.025143 24
0.000437 168
0.027941 24
0.000639 168
0.029438 24
0.000340 168
0.031075 24
0.000381 226
0.033559 24
0.000464 41
0.025031 24
0.000518 183
0.042941 24
0.000131 166
0.016601 24
0.000209 176
0.033664 24
0.000519 257
0.029276 194
0.038596 195
0.022704 24
0.000625 171
0.032044 24
0.000470 176
0.037946 24
0.000320 173
0.014550 24
0.000457 172
0.027520 24
0.000219 168
0.030997 24
0.000316 169
0.028867 24
0.000284 170
0.039717 24
0.000446 170
0.019160 24
0.000193 167
0.038644 24
0.000504 168
0.021220 24
0.000587 181
0.035389 191
0.026258 24
0.000188 167
0.039836 24
0.000362 169
0.016840 24
0.000467 250
0.029874 24
0.000296 40
0.030817 24
0.000212 170
0.029832 24
0.000586 173
0.050999 24
0.000455 170
0.008226 24
0.000391 172
0.028436 24
0.000353 181
0.029208 24
0.000529 175
0.030065 24
0.000303 172
0.036000 24
0.000518 171
0.022720 24
0.000230 172
0.029009 24
0.000398 172
0.036289 24
0.000289 174
0.029177 24
0.002118 171
0.022835 24
0.000581 173
0.036363 24
0.000324 180
0.033610 24
0.000583 172
0.018295 24
0.002356 168
0.031791 24
0.000251 171
0.031978 24
0.000163 167
0.023832 24
0.000412 178
0.029117 24
0.000824 177
0.028646 24
0.000223 179
0.031836 24
0.000443 170
0.027326 24
0.000422 183
0.029809 24
0.000254 179
0.042883 190
0.021976 24
0.000337 175
0.026279 24
0.000544 195
0.030546 194
0.029932 24
0.000351 170
0.027032 24
0.000338 178
0.040800 24
0.000517 167
0.020367 24
0.000378 174
0.032374 24
0.000580 167
0.035413 24
0.000252 167
0.021866 24
0.000324 184
0.028235 24
0.000447 40
0.029552 24
0.000291 40
0.033595 24
0.000415 41
0.027004 24
0.000266 40
0.027859 24
0.000357 40
0.029635 49
0.031042 48
0.031359 48
0.035998 48
0.022145 48
0.031992 48
0.029703 48
0.126029 48
0.000246 48
0.031106 48
0.031700 48
0.030248 48
0.026952 48
0.030792 48
0.029052 48
0.032460 49
0.027858 48
0.031002 48
0.035604 48
0.023256 48
0.033256 48
0.026334 48
0.153375 48
1.115451 47
1.277885 103
0.529890 182
1.218329 217
0.660821 1
1.635832 1
0.383918 28
0.542041 28
0.000214 28
0.034374 28
0.025955 28
0.030585 28
0.029132 28
0.093019 28
0.504027 30
0.033866 29
0.023516 29
0.046977 29
0.014169 29
0.038465 29
0.020903 29
0.028494 29
0.029564 29
0.029757 29
0.030353 30
0.031611 29
0.029020 29
0.032064 29
0.027999 29
0.030028 29
0.029252 29
0.031048 29
0.029795 29
0.030521 29
0.030040 30
0.029919 29
0.030802 29
0.029406 29
0.028704 29
0.031245 32
0.029034 32
0.029969 33
0.030496 32
0.029834 32
0.032349 32
0.029173 32
0.028643 32
0.031127 32
0.028526 32
0.029295 32
0.030980 32
0.030273 33
0.029151 32
0.030860 32
0.029924 32
0.028986 32
0.029972 32
0.030229 32
0.030644 32
0.031108 32
0.028795 32
0.029869 33
0.030055 32
0.029560 32
0.030702 32
0.030039 32
0.030229 32
0.030763 32
0.028498 32
0.031312 32
0.029220 32
0.030110 33
0.029925 32
0.029660 1
0.583926 44
1.605638 29
0.277389 29
0.099858 29
0.062568 29
0.111084 29
0.400375 38
0.137437 38
0.078945 38
0.129720 38
0.093248 38
0.215694 123
0.552586 44
0.749676 29
0.345597 29
0.541250 38
0.158466 38
2.030686 32
0.713550 32
0.123390 32
0.070515 32
0.076597 33
0.130270 30
0.498773 30
32.212665 41
0.185906 40
0.192023 40
0.182160 40
0.261162 40
0.365539 123
0.957347 35
0.535834 29
0.000419 36
0.041021 35
0.025820 35
0.025330 35
0.031852 29
0.031765 35
0.025746 35
0.028060 35
0.035628 35
0.028537 35
0.027481 35
0.035564 34
0.024940 34
0.029344 34
0.030220 162
0.032087 160
0.026807 163
0.045006 161
0.014508 161
0.030003 160
0.029805 161
0.037680 164
0.024159 170
0.027963 161
0.031379 159
0.036821 162
0.029149 159
0.040554 158
0.012403 159
0.039622 158
0.024543 156
0.034070 156
0.022917 170
0.035949 157
0.027215 156
0.029546 159
0.029011 159
0.033219 158
0.023992 157
0.030778 161
0.030310 162
0.031469 165
0.028524 160
0.028627 160
0.029871 159
0.033954 162
0.037745 162
0.019708 165
0.030466 155
0.028859 172
0.031737 214
0.064761 34
0.001512 157
0.028420 157
0.038254 157
0.035437 233
0.016612 157
0.044352 157
0.035661 157
0.012189 162
0.030509 160
0.027433 159
0.029789 158
0.031103 161
0.029025 161
0.032931 160
0.029738 182
0.028704 156
0.032864 161
0.031135 165
0.025483 155
0.031846 156
0.027197 252
0.029973 159
0.032613 159
0.032598 158
0.037109 158
0.023832 157
0.023874 155
0.030127 163
0.035731 195
0.024412 34
0.032544 156
0.032361 160
0.030986 165
0.040243 242
0.022264 161
0.022402 167
0.029833 172
0.030115 160
0.032813 160
0.027724 162
0.029329 158
0.038050 179
0.023395 156
0.043168 166
0.015705 160
0.045810 162
0.015005 165
0.027555 163
0.034624 163
0.026066 167
0.030080 261
0.074875 159
0.001375 163
0.035754 158
0.023765 162
0.030812 164
0.031070 163
0.028320 167
0.030409 156
0.030313 161
0.031140 205
0.029639 28
0.027339 162
0.033518 164
0.028300 164
0.032069 242
0.026309 164
0.031260 166
0.043111 163
0.023364 158
0.023849 164
0.040265 163
0.022649 163
0.032114 157
0.023095 168
0.033731 167
0.033822 159
0.029692 162
0.030804 158
0.025061 161
0.029578 160
0.041725 167
0.019458 254
0.031441 168
0.037951 158
0.018676 156
0.028904 160
0.030982 155
0.041335 163
0.028492 164
0.026972 157
0.029697 157
0.024812 156
0.034184 162
0.023130 164
0.029464 159
0.030315 159
0.030751 156
0.040083 160
0.035729 159
0.013429 159
0.030564 158
0.030390 157
0.031323 158
0.028628 158
0.032426 158
0.026169 164
0.031630 160
0.030748 157
0.036003 156
0.023583 160
0.029612 158
0.044441 162
0.018821 157
0.028616 165
0.034651 158
0.022810 160
0.030289 163
0.029889 166
0.028596 164
0.039652 158
0.021375 164
0.030049 156
0.032746 171
0.028813 157
0.029816 161
0.033153 158
0.025238 165
0.036008 159
0.030374 161
0.029281 165
0.035885 158
0.021131 159
0.026878 164
0.031258 156
0.028822 164
0.030556 160
0.031170 165
0.028476 164
0.043551 163
0.025777 158
0.029216 161
0.023008 165
0.030047 164
0.028958 182
0.030994 173
0.030613 168
0.028153 164
0.031270 159
0.028837 163
0.031169 161
0.030116 157
0.029706 172
0.031935 167
0.026671 158
0.032511 160
0.029564 155
0.028295 152
0.033314 164
0.034130 156
0.024092 159
0.042342 158
0.019766 153
0.027225 158
0.030339 160
0.030468 161
0.030038 154
0.027964 162
0.032413 153
0.029211 150
0.035431 149
0.043769 91
0.016199 34
0.023353 34
0.033876 34
0.026357 34
0.031431 34
0.032813 1
0.522614 1
0.813961 28
0.500483 28
0.038323 27
0.024769 27
0.030122 27
0.026787 27
0.032098 27
0.028708 27
0.037186 27
0.025792 27
0.028182 1
0.936450 96
0.462060 27
0.705202 31
0.273696 31
0.136984 31
0.090251 31
0.299160 32
1.559397 32
0.570816 27
0.373755 27
0.410227 27
1.951544 27
0.508909 27
0.021970 27
0.031624 29
0.026408 28
0.029956 28
0.032893 28
0.051031 28
0.005050 28
0.035561 28
0.049576 28
0.005000 28
0.029944 28
0.029964 29
0.036869 28
0.023598 28
0.032208 28
0.033784 28
0.023950 28
0.029872 28
0.047968 28
0.017648 28
0.024689 28
0.033695 29
0.025866 28
0.031018 28
0.028810 28
0.029945 28
0.031396 31
0.041352 31
0.026910 32
0.019907 31
0.035400 31
0.035722 31
0.022466 31
0.027970 31
0.028494 31
0.030707 31
0.032738 31
0.036406 31
0.021699 32
0.042210 31
0.241267 31
0.317504 28
0.885847 71
3.021312 31
0.189862 31
0.080994 31
0.288359 31
0.092203 32
0.704353 31
0.141261 31
0.080148 31
0.177837 33
3.393038 34
0.317799 28
0.342295 28
0.231432 32
3.475076 1
3.441951 38
0.101913 16
0.000645 32
19.186350 53
2.718263 46
0.896756 1
0.123032 1
0.436139 21
0.000079 11
0.015209 21
0.000105 70
0.002430 2
17.713874 1
0.351279 1
0.379585 1
0.187213 1
1.407749 2
0.004199 94
1.054780 1
0.188147 1
1.158760 1
0.293316 1
0.819131 1
0.148843 1
0.232801 1
0.888707 1
0.941051 1
0.153242 1
0.170869 1
0.788707 1
0.389896 1
0.835874 1
0.109112 1
0.190239 1
0.140888 1
0.915981 1
0.191405 1
0.660047 1
0.085193 1
0.082405 1
5.142839 11
0.006532 94
2.397105 1
0.131733 1
0.208498 1
0.255091 1
0.244188 1
0.228233 1
0.893159 1
1.781771 1
0.322353 1
0.218790 1
0.179128 1
0.142788 1
1.265013 1
2.530010 1
0.424608 1
0.081855 1
0.104990 1
0.810907 1
1.076317 1
0.892695 1
0.515295 1
0.206381 1
0.392522 1
0.648486 1
0.221235 1
0.271890 1
0.274034 1
0.871122 1
0.625792 1
0.132661 1
0.548767 1
0.460919 1
0.189040 1
1.140745 1
0.675134 1
0.209588 1
0.237437 1
0.142460 1
1.640069 3
1.967451 489
0.523993 4
0.259241 4
0.196183 4
0.169889 4
0.186880 4
1.956976 1
1.329988 1
0.104172 1
0.233304 1
0.178168 1
1.278876 3
0.946442 489
0.240713 3
0.938501 1
1.337809 1
0.286526 1
0.091001 1
0.192730 1
0.187888 1
0.493508 1
0.625027 1
0.400044 1
0.092177 1
0.074139 1
21.213645 11
0.003959 94
15.726427 1
0.215930 1
1.203070 1
0.305524 1
0.253985 1
0.554515 4
0.150459 4
5.620854 2
0.000176 2
0.135429 1
0.290878 1
1.170590 1
0.218638 1
1.729148 4
1.358371 1
0.244634 1
0.237546 1
2.056956 1
0.192747 1
0.172012 1
0.122221 1
1.917271 1
0.401129 1
0.163785 1
0.329272 1
0.133390 1
0.419201 1
0.100022 1
0.511542 1
0.599165 4
0.175051 4
0.611216 1
0.639103 4
0.241749 1
0.611768 1
0.082142 1
0.094559 1
0.736176 1
0.335489 1
0.146775 1
0.227149 1
0.142291 1
1.023306 1
0.449932 1
0.713272 1
0.085655 1
0.100443 1
6.158516 11
0.010831 94
14.828157 1
0.106232 1
0.202215 1
0.867281 1
10.508577 2
0.000171 1
18.376099 1
1.189230 1
0.872793 1
0.194798 1
0.109015 1
13.495408 1
0.180652 1
1.120740 1
0.099234 1
0.069336 1
1.052950 1
0.704132 1
0.132813 1
0.204351 1
0.119404 2
1.019532 1
0.206153 1
0.824036 1
0.268703 1
0.256894 1
0.261905 1
0.539318 1
0.359745 1
0.133154 3
0.932867 1
0.239136 1
0.647770 1
0.091416 1
0.078851 1
3.568252 11
0.002692 19
0.000273 15
0.000209 100
0.000141 15
0.000014 100
0.000117 96
0.002639 94
3.091630 90
0.036797 90
0.025783 90
0.016760 90
0.022558 90
0.028725 90
0.016602 90
0.030204 90
0.016637 90
0.243057 90
0.014685 90
0.018563 90
0.033533 90
0.018363 90
0.029395 90
0.033540 90
0.049425 90
17.192493 1
0.211285 1
0.169408 1
1.818331 1
0.229951 1
0.184710 1
0.197274 1
2.593618 1
0.136981 1
0.284299 1
0.762533 1
0.381750 1
0.518998 4
0.139238 1
0.469968 1
1.943647 1
0.193282 1
0.836668 1
0.142389 1
0.137073 1
1.039890 1
0.442560 1
0.174047 1
0.221811 1
1.747798 1
0.787654 1
0.578316 4
0.120552 1
0.111060 1
1.237314 1
1.165407 1
0.341512 1
0.367494 1
0.169128 1
0.633630 1
0.198661 1
1.037577 1
0.105587 1
0.151817 9
1.287833 1
0.209637 11
5.852299 11
0.220039 117
0.011903 94
5.417459 54
0.369564 1
0.716621 1
0.000190 1
0.031449 1
0.029026 1
0.033157 1
0.027414 1
0.033531 264
0.040284 1
0.024789 1
0.032851 1
0.020956 1
0.031158 1
0.026185 1
0.069099 1
0.000301 1
0.031175 1
0.028643 1
0.046192 1
0.013934 1
0.032789 1
0.030747 1
0.033278 1
0.025739 1
0.035580 1
0.024880 1
0.026874 1
0.035010 1
0.027684 1
0.028457 1
0.030237 1
0.030448 1
0.030300 1
0.030414 1
0.044608 1
0.013896 1
0.030148 1
0.029220 1
0.031565 1
0.030885 1
0.028293 1
0.030500 1
0.029956 1
0.142887 1
0.178654 1
0.110913 1
0.129378 1
0.290051 1
0.678134 3
0.260825 160
0.162163 157
0.153301 156
0.167695 159
0.860276 14
0.006889 94
2.395494 1
0.272891 1
0.259458 1
0.928117 1
0.202986 1
0.280330 1
0.124586 1
1.457950 1
0.170661 1
0.240057 1
0.238426 1
0.271940 1
1.035146 1
0.619681 1
0.112640 10
1.360307 1
0.323136 11
0.917940 1
0.619648 4
0.318103 11
0.008818 93
0.000146 15
0.000206 83
0.000670 94
20.757734 1
0.204068 1
0.096323 1
0.207066 1
0.273234 1
0.227152 1
0.419409 1
0.207258 1
0.112930 1
0.162154 1
0.087162 1
1.331975 4
4.857664 11
0.015774 2
1.710089 1
0.111093 1
0.147602 1
0.382438 1
0.348977 1
0.100468 1
0.648197 1
0.108632 1
0.351549 3
0.180091 1
3.152982 3
0.167320 3
1.378996 3
0.463044 1
0.567495 1
1.935135 3
0.242769 3
0.751212 1
2.220561 1
0.553238 1
0.108176 1
0.327340 1
0.728603 1
0.616657 1
0.182165 1
0.350294 1
0.208383 1
3.292741 2
0.014821 2
2.660793 1
0.197608 1
0.237312 1
0.128982 1
0.591127 1
0.220171 1
0.416129 1
0.228812 1
0.579216 1
0.622299 1
0.092734 1
0.426286 1
0.436326 1
1.200256 2
2.307783 1
0.152747 1
0.660482 1
3.429563 1
0.968812 1
0.139310 1
0.193720 1
0.279288 1
1.601379 1
0.252295 3
0.123176 1
4.536509 1
0.491776 1
0.560095 1
0.975308 1
0.578935 1
1.953118 1
0.116902 1
0.232929 1
0.206062 1
0.725869 1
1.683199 1
0.266383 1
0.260660 1
0.861204 1
0.402439 1
1.289363 1
0.170067 1
3.027318 1
1.448617 1
0.266469 1
0.836036 1
0.514659 1
0.139467 1
0.307229 1
0.303047 1
0.237746 1
0.591174 1
0.668213 3
0.987754 1
0.179194 1
0.283630 1
0.296586 1
1.997286 1
1.606851 1
0.600174 1
0.295631 1
0.225409 1
0.489414 1
0.436293 1
0.062999 1
0.134063 1
1.377599 1
0.150181 1
0.359535 1
1.624241 1
21.924169 1
0.758642 1
0.144918 1
0.180224 1
0.108277 1
0.857672 1
0.275730 1
0.698782 1
0.066771 1
0.075302 1
9.443129 2
0.000018 83
0.000378 2
2.222449 4
1.323622 4
0.668804 4
0.492459 4
0.175326 4
0.160253 4
0.347163 3
0.537455 3
0.000264 6
0.029957 3
0.034922 3
0.030881 6
0.026116 3
0.028724 3
0.032855 6
0.028094 3
0.029097 3
0.029628 6
0.033937 3
0.041465 3
0.023223 6
0.021224 3
0.033941 3
0.034213 6
0.881539 1
0.216883 1
2.068644 3
0.191876 3
0.734146 4
0.536902 3
0.178111 3
0.150102 6
0.907067 4
21.087200 1
0.938731 1
0.583060 1
0.416740 3
0.096401 1
0.077627 1
0.130376 1
0.725646 1
0.212307 1
0.197117 1
0.127436 1
0.476856 6
0.222496 3
0.865410 1
0.192357 1
27.071090 3
0.180105 3
0.127965 3
0.122151 3
0.110496 3
0.127004 3
0.119776 3
0.102538 3
0.116492 3
0.341795 1
0.228940 1
1.003685 1
1.132497 3
0.145243 3
0.188425 3
0.187754 1
0.140492 1
0.319687 2
0.002015 33
0.000582 2
3.781422 1
0.146763 1
0.252272 1
1.016866 31
0.000145 2
16.648875 1
0.198510 1
0.211117 1
0.123138 1
0.325964 1
0.129373 1
0.190452 1
0.119528 1
0.335504 1
0.136811 1
0.715142 1
0.084480 1
0.061098 1
1.821930 2
0.003114 43
0.000174 2
24.172397 1
0.789073 1
0.382737 1
0.523409 1
0.106490 1
0.146021 1
1.277035 1
0.104765 1
0.207158 1
0.097632 1
0.250471 1
0.256306 1
0.783179 1
0.094482 1
0.078216 1
2.224046 2
0.003456 2
21.073561 1
0.091601 1
0.599662 1
0.320892 1
0.209921 1
0.268110 1
0.771514 1
0.451602 1
0.112794 1
0.229670 1
0.115269 1
0.221507 1
0.674151 3
0.573529 1
0.169073 1
0.662289 1
0.077582 1
0.066558 1
1.591121 2
0.002399 67
0.000535 2
4.248841 1
1.808972 1
0.210786 1
1.440247 1
0.628166 1
0.457667 3
1.906843 2
0.001430 2
0.768338 1
0.224478 1
0.213972 1
0.091200 1
0.797951 2
0.002847 94
69.827529 1
0.223472 1
0.261971 1
0.652235 4
0.144267 4
0.132762 4
0.102016 1
0.127452 1
0.169935 1
0.098030 1
0.140383 1
1.779527 1
0.147099 1
0.987407 11
0.005647 138
2.704959 1
0.217602 1
0.181188 1
1.522134 1
0.186947 4
0.129744 1
0.206199 1
0.415349 4
0.127079 1
0.258393 1
0.717651 1
0.521559 4
0.480299 1
3.877539 1
0.744401 1
0.097977 1
0.150301 1
0.150532 1
0.484518 1
0.984708 1
0.160641 1
0.285284 1
0.429814 1
1.361381 1
0.379859 1
0.090010 1
0.097806 1
0.708053 11
0.001980 19
0.000104 96
0.000015 34
0.000117 81
0.000020 19
0.000047 115
0.000110 74
0.000711 94
6.768001 90
0.048216 90
0.035654 90
0.028904 90
0.043242 90
0.037263 90
0.056521 90
0.101633 90
0.027068 90
0.033275 90
0.033261 90
0.027764 90
0.058212 90
15.127709 1
0.162794 1
1.466909 1
0.351680 1
0.985134 1
1.160860 1
5.860538 1
0.172178 1
0.758324 1
0.196998 1
0.749599 1
0.126134 1
1.167269 1
0.078021 1
0.167566 9
1.895463 11
0.003594 94
9.785664 1
0.266589 1
0.173018 1
0.109572 1
0.570586 17
0.005602 68
0.968730 1
0.332664 1
0.219910 1
0.128351 1
0.564525 17
