0.015094 16
0.000259 90
7.131513 1
0.087015 1
0.839152 1
0.127421 1
0.150663 1
0.942631 1
0.546397 1
0.159794 1
0.203136 1
0.632665 1
1.582065 1
0.166632 1
0.167822 1
1.600985 11
0.001785 90
8.781715 1
0.159383 1
0.575416 1
0.219860 1
0.249593 1
0.189517 1
1.579906 11
0.008318 14
0.000073 245
0.000321 8
0.000037 82
3.846989 6
5.365317 1
0.479095 11
0.001884 14
0.000079 245
0.000352 8
0.000053 82
14.693802 1
0.107230 1
1.753205 1
0.332780 1
0.132121 1
2.396780 11
0.001406 100
0.000297 90
2.375386 5
0.845595 4
0.214019 1
0.782464 11
0.001456 101
0.000283 90
2.116211 5
0.816779 4
0.973741 1
0.225833 1
0.299484 1
0.739572 11
0.002016 15
0.000041 418
0.000306 90
12.552133 1
0.912700 1
0.160994 1
0.133375 1
0.671453 11
0.000035 6
