0.013585 16
0.000252 8
0.000016 82
3.247395 1
0.099566 1
0.817961 1
0.462699 1
0.178924 1
0.462878 1
0.115233 1
0.152218 8
1.944916 1
0.176797 1
0.137960 1
0.282272 5
1.830879 11
0.002067 90
9.959998 1
0.099899 1
0.950890 1
0.386738 1
0.171985 1
0.241130 10
4.241741 1
0.368359 1
0.403753 6
2.103262 1
0.697028 1
0.168773 1
0.174126 1
1.238624 1
0.393053 1
0.371391 1
1.181396 1
0.140116 1
0.182527 1
0.884950 1
1.949621 11
0.001872 90
12.026622 1
0.508608 1
0.880029 1
0.445852 1
0.176429 1
0.208991 10
2.713955 1
0.190784 1
0.341106 1
3.800511 1
0.264948 1
0.214046 1
0.390717 1
0.130735 1
1.515736 1
0.203127 1
0.375395 1
2.567889 11
0.002075 90
2.815811 86
0.000183 86
1.730851 86
8.971614 1
0.083368 1
3.074406 3
0.002378 10
2.247012 1
1.106666 1
0.487516 1
0.202273 5
1.806306 11
0.001666 90
0.926564 1
11.788112 4
1.655271 1
0.129677 1
0.399477 1
0.309670 1
0.472621 1
0.145727 1
0.255983 1
0.893064 1
0.381903 1
0.145785 1
0.661156 1
0.211258 5
1.563627 11
0.001815 15
0.000047 331
0.000309 90
10.263078 1
0.759419 1
0.309077 1
0.163087 1
3.379696 11
0.000048 6
