0.007865 299
0.096455 6
0.000106 29
0.001065 73
0.000139 188
0.001045 273
0.000007 29
0.000065 7
0.000461 6
0.000096 8
1.694001 1
0.003296 20
0.000166 50
0.078903 30
0.676070 41
0.201956 30
1.135224 30
0.001835 60
0.735187 18
0.001996 19
0.637422 6
0.002340 11
0.113713 21
0.002252 14
0.294511 6
0.761996 42
0.739429 7
0.000090 8
0.001651 3
0.000312 31
0.001955 129
0.000162 34
0.002298 39
0.013734 19
0.000714 302
0.000077 7
0.000388 8
0.956202 1
0.002788 20
0.000148 44
0.173269 30
0.001805 27
0.193927 25
0.001715 26
0.709405 6
0.002013 11
0.128452 21
1.024108 63
0.818406 23
0.002189 7
0.000103 8
0.001716 3
0.000243 25
0.000197 129
0.000066 56
0.002499 50
0.014112 29
0.000713 337
0.000005 27
0.000066 7
0.000364 8
2.607476 1
0.002654 12
0.000117 24
0.095642 18
0.629210 25
0.002245 26
0.000171 34
0.172243 6
0.002605 11
2.367105 21
0.199809 21
0.147318 116
0.002788 28
0.380228 3
0.002792 23
0.000177 31
0.087766 21
0.234292 21
0.002578 18
0.816216 6
0.002616 12
0.402478 18
0.002749 19
1.280899 77
0.003602 25
0.216187 6
1.170954 6
0.117036 6
0.185128 6
0.219538 6
0.232068 6
0.725966 6
0.783174 6
0.089403 6
0.076647 6
0.712553 7
0.000095 8
0.003130 48
0.001991 129
0.000130 56
0.002745 50
0.013343 19
0.000769 364
0.000023 7
0.000365 8
1.852975 1
0.002508 12
0.000169 47
0.132828 18
0.510260 25
0.002648 26
0.208464 6
0.002899 11
0.905234 122
0.002943 34
0.100489 21
0.276590 21
1.148713 21
1.169845 21
0.215894 21
0.035675 21
8.175859 21
0.002689 18
0.459270 77
0.003852 11
0.772958 8
0.003272 27
0.247784 6
0.003421 12
1.100918 18
0.002650 19
0.615511 6
0.164238 6
0.270217 6
0.148818 6
0.218377 6
1.066046 6
0.231494 6
0.507596 6
0.338870 6
0.308116 6
21.052781 7
0.000120 8
0.002671 3
0.000269 48
0.003879 129
0.000140 56
0.002699 50
0.014256 19
0.000739 364
0.000063 7
0.000348 8
1.122437 1
0.002572 12
0.000175 50
0.115078 18
0.332469 25
0.002214 26
0.610202 6
0.002423 11
0.750857 140
0.003050 33
0.331070 21
0.920022 21
0.149643 21
0.903325 21
0.162600 21
0.262447 21
0.818158 21
0.002379 18
0.503776 6
0.002586 12
0.754187 18
0.002560 19
0.213921 6
0.198927 6
0.267769 6
0.185150 6
0.166675 6
0.309911 27
0.475535 3
0.003595 18
0.177737 6
0.378079 6
0.081542 6
0.090192 6
0.988682 7
0.000094 8
0.002772 3
0.000245 47
0.002009 129
0.000134 56
0.002283 50
0.013591 19
0.000715 364
0.000042 7
0.000361 8
9.863628 1
0.003135 20
0.000171 52
0.206833 131
0.003219 41
0.217172 41
0.001884 38
0.169234 18
0.001710 19
1.289928 149
0.002463 31
0.170465 6
1.477039 6
0.138854 6
0.498970 6
1.143282 77
0.002468 25
0.450989 6
0.684516 58
0.002714 11
0.000169 36
0.152082 21
3.166133 21
0.110234 21
0.129326 21
0.278587 21
0.263511 21
0.185066 21
0.729202 21
0.079886 21
0.056115 21
0.430483 21
0.002782 18
1.039099 6
0.002891 11
0.201800 21
0.323103 21
0.115708 21
0.243900 21
0.209369 21
0.856021 21
0.259531 21
0.327862 21
0.287146 21
5.393341 7
0.000084 8
0.002386 3
0.000261 46
0.017320 21
0.000121 37
0.000523 17
0.000305 129
0.000153 39
0.000012 17
0.002489 50
0.013941 19
0.000750 364
0.000070 7
0.000370 8
4.122697 1
0.002986 20
0.000200 67
0.057832 30
0.239391 41
0.001652 38
0.501059 18
0.001768 19
0.243453 6
0.002100 11
0.647442 21
0.340067 182
0.002335 21
0.097897 1
0.338974 1
1.650727 1
0.262295 3
0.159400 3
0.140172 3
0.129497 3
0.002395 17
0.000185 42
0.080057 21
0.899457 21
0.224459 21
0.173423 21
1.047251 21
0.002116 49
0.408801 137
0.002776 11
0.000182 22
0.095955 21
0.304682 21
1.155270 36
0.002470 47
3.058614 7
0.000082 8
0.001995 3
0.000258 33
0.001583 19
0.000115 17
0.000304 129
0.000098 56
0.002381 50
0.013593 19
0.000725 364
0.000072 7
0.000356 8
7.034779 1
0.002822 20
0.000158 50
0.065613 30
1.432855 41
0.117377 30
0.163224 30
0.002060 60
0.170901 18
0.001886 19
1.112441 64
0.002167 16
0.101443 6
0.282071 6
0.163648 6
1.930472 7
0.000115 8
0.001703 3
0.000277 25
0.001822 129
0.000136 56
0.002581 50
0.013743 19
0.000718 364
0.000069 7
0.000356 8
1.597727 1
0.002904 20
0.000162 43
0.054386 82
0.001766 27
0.000212 78
0.144547 25
0.001687 26
2.013879 377
0.002225 11
0.000156 52
0.204577 21
5.211338 216
0.003478 198
0.947006 7
0.000111 8
0.002832 3
0.000274 53
0.002031 129
0.000144 56
0.002700 50
0.014031 19
0.000744 364
0.000075 7
0.000394 8
5.558973 1
0.002774 20
0.000183 54
0.135762 30
0.196907 41
0.001995 38
0.140502 18
0.001832 19
1.562395 101
0.002447 38
0.085173 143
0.002608 29
1.067493 89
0.002138 27
0.293588 6
0.003046 11
0.196586 21
0.740878 21
0.143937 21
0.315895 21
1.200803 21
0.002386 42
0.700239 36
0.002908 35
1.236377 7
0.000110 8
0.002305 3
0.000236 32
0.001685 55
0.000144 41
0.000006 42
0.000522 17
0.000288 129
0.000142 56
0.002377 50
0.013843 19
0.000713 364
0.000086 7
0.000372 8
4.279570 1
0.002790 20
0.000207 53
0.153021 30
0.235716 41
0.001733 38
0.147716 18
0.001651 19
0.966902 6
0.805156 6
1.015562 83
0.002085 28
1.028619 6
1.430451 72
0.003183 35
0.723649 7
0.000129 8
0.002410 3
0.000291 33
0.002467 129
0.000142 39
0.000005 17
0.002509 50
0.013813 19
0.000734 364
0.000035 7
0.000392 8
1.530909 1
0.003212 20
0.000202 54
0.143841 30
0.201191 41
0.001730 38
0.109051 18
0.001915 19
2.014414 6
0.255348 6
1.205708 89
0.002274 28
0.932177 6
0.986932 72
0.003066 35
2.283175 7
0.000127 8
0.002333 3
0.000299 33
0.001571 55
0.000145 41
0.000022 42
0.000508 17
0.000353 129
0.000166 56
0.002462 50
0.013614 19
0.000721 364
0.000090 7
0.000382 8
4.395452 1
0.002938 20
0.000162 49
0.139805 113
0.003217 29
0.363503 41
0.199038 30
0.178262 30
0.001699 60
0.155059 18
0.001735 19
1.763428 64
0.002773 27
0.097390 77
0.002294 26
2.320795 6
0.389168 6
0.002912 11
0.204017 21
0.301363 21
0.130406 21
0.345254 21
0.717330 49
0.003257 18
1.369515 24
0.003309 35
2.781676 7
0.000162 8
0.002208 3
0.000385 34
0.015636 137
0.000008 161
0.000353 129
0.000152 39
0.000006 17
0.002257 50
0.013294 19
0.000705 364
0.000076 7
0.000406 8
3.069287 1
0.003321 20
0.000184 53
0.753168 30
0.387607 41
0.100750 30
0.190816 30
0.001988 60
0.182347 18
0.002036 19
1.080598 6
0.146152 6
0.331789 6
0.199625 6
0.002816 11
0.493744 21
0.365048 21
0.163878 21
0.242230 21
0.306307 49
0.002934 18
1.105910 24
0.002584 35
1.148141 7
0.000096 8
0.001941 3
0.000272 34
0.002147 22
0.000016 72
0.000025 37
0.000005 219
0.000431 129
0.000139 56
0.002513 50
0.014380 19
0.000885 337
0.000006 27
0.000058 7
0.000352 8
5.235238 1
0.003236 20
0.000174 53
0.046743 30
0.968357 41
0.150301 30
0.231996 30
0.001897 60
0.124015 18
0.001935 19
1.325970 6
0.097999 77
0.002377 26
0.694549 6
0.263289 6
0.002619 11
0.523223 21
0.361486 21
0.155893 21
0.599626 21
0.653966 49
3.042700 19
0.002626 20
0.195224 21
1.228505 24
0.002479 35
2.103681 7
0.000110 8
0.002050 3
0.000277 34
0.001775 101
0.000007 42
0.000014 42
0.000153 59
0.000330 129
0.000110 56
0.002349 50
0.013394 19
0.000729 364
0.000043 7
0.000430 8
3.999359 1
0.002972 20
0.000173 71
0.076856 30
0.230183 41
0.204608 30
0.001710 49
0.188968 18
0.001800 19
1.006110 6
0.092688 6
0.158877 6
1.975062 179
0.032845 1
0.662268 3
0.156456 3
0.002380 44
0.103361 6
0.142515 6
0.638123 167
0.003072 12
0.269050 8
0.002924 42
0.412326 6
0.108733 161
0.483386 3
0.002643 41
0.189298 6
0.266347 6
0.003247 11
0.742621 21
0.159469 21
0.228528 21
0.277828 21
1.119098 21
0.364722 21
0.313130 21
0.765400 21
0.380619 21
0.190942 21
0.106553 21
0.459322 21
0.003114 18
0.449563 6
0.002871 12
0.336027 18
0.003841 19
0.476543 6
0.169266 6
0.207736 6
0.388281 6
0.052333 6
0.155013 6
1.628726 6
0.771003 6
0.249445 6
0.202764 6
2.513644 7
0.000094 8
0.003162 3
0.000325 51
0.090718 129
0.000218 56
0.002771 50
0.013954 19
0.000705 337
0.000005 27
0.000061 7
0.000349 8
2.626311 1
0.002926 20
0.000180 54
0.148720 30
0.226413 41
0.001754 38
1.627585 18
0.001669 19
0.280076 101
0.002328 11
0.000198 30
0.207720 21
0.720067 21
0.129641 21
1.147838 21
0.929344 86
0.002209 42
0.000189 26
1.093194 66
0.002574 60
0.625338 7
0.000091 8
0.002515 37
0.001499 20
0.573272 16
0.000347 129
0.000196 56
0.002895 50
0.014019 19
0.000768 337
0.000012 27
0.000075 7
0.000364 8
3.837129 1
0.003765 20
0.000166 55
0.141241 30
0.263298 41
0.001918 38
1.615025 18
0.002086 19
0.188682 107
0.002330 30
0.269997 95
0.002461 37
2.531839 132
0.003885 60
12.427174 7
0.000106 8
0.002652 3
0.000284 41
0.001574 20
0.573154 16
0.000559 129
0.000235 56
0.002765 50
0.015091 19
0.000700 337
0.000013 27
0.000058 7
0.000362 8
4.085215 1
0.003105 20
0.000223 75
0.074144 269
0.002978 22
0.378287 41
0.100627 30
0.317680 30
0.001872 60
1.124227 18
0.001758 19
0.580516 27
0.002802 22
2.378958 6
0.072606 6
0.158646 6
1.171537 6
0.106687 6
0.499666 6
2.625310 7
0.000109 8
0.001768 3
0.000313 28
0.001927 129
0.000151 56
0.002423 50
0.013902 19
0.000720 364
0.000065 7
0.000380 8
1.522510 1
0.002973 20
0.000200 53
0.197193 30
0.446900 41
0.125671 30
0.205421 30
0.001649 60
1.047350 18
0.001810 19
0.377440 83
0.002701 11
0.000154 23
0.158155 21
0.548352 21
0.318730 21
1.886238 21
0.166072 49
0.002449 31
2.295434 96
0.003059 84
1.333352 7
0.000195 8
0.002462 3
0.000261 43
0.001833 22
0.000036 37
0.131028 2
0.000478 129
0.000217 56
0.002979 50
0.014154 19
0.000837 337
0.000012 27
0.000055 7
0.000349 8
3.688416 1
0.003381 20
0.000161 62
0.064423 30
0.468540 41
0.129638 30
0.219575 30
0.001696 60
0.976285 18
0.001805 19
0.728676 6
0.002291 11
1.037189 21
0.948232 21
0.139182 21
0.258576 21
0.291494 122
0.002535 31
0.843974 96
0.002787 40
1.395718 7
0.000117 8
0.002367 3
0.000242 43
0.001789 291
0.000096 53
0.000302 129
0.000134 56
0.002454 50
0.013766 19
0.000701 341
0.000005 27
0.000061 7
0.000351 8
4.742109 1
0.001909 12
0.000173 42
0.119642 18
1.261036 25
0.001636 26
0.751982 83
0.002141 24
0.158817 6
0.863179 41
0.379425 3
0.002282 22
0.109342 6
0.636882 6
1.782388 6
0.002815 11
0.346256 21
0.630726 12
0.002497 23
3.420830 7
0.000109 8
0.001918 3
0.000273 23
0.001757 129
0.000183 56
0.002668 50
0.013613 19
0.000706 364
0.000060 7
0.000348 8
1.775107 1
0.003347 20
0.000192 45
0.117117 30
0.406007 93
0.190330 30
0.180560 30
0.150959 30
0.001862 31
0.289359 1
0.162003 32
0.114037 32
0.108520 43
0.002209 23
0.121218 90
0.001984 45
0.224593 76
0.442213 1
0.003156 20
0.000167 62
0.542217 30
0.601917 41
0.070042 30
0.278948 30
0.001817 60
0.195896 18
0.001806 19
1.375204 6
0.002289 11
0.178069 21
0.461317 21
0.756628 21
0.208978 21
1.220972 122
0.002346 18
0.824364 24
0.002039 35
1.562551 7
0.000141 8
0.001727 3
0.000244 31
0.001860 22
0.000023 37
0.000082 2
0.000006 37
0.000180 39
0.000027 2
0.000348 129
0.000141 56
0.002504 50
0.014018 19
0.000736 364
0.000097 7
0.000394 8
2.402088 1
0.003047 20
0.000178 49
0.604366 100
0.481648 1
0.002896 20
0.000178 50
0.055250 30
0.972300 41
0.108243 30
0.220394 30
0.001721 60
1.335747 18
0.001707 19
2.590164 6
0.002222 11
0.307039 21
0.842410 21
0.115687 21
0.229511 21
0.551127 49
0.002789 18
0.495858 42
0.002374 49
0.478936 3
0.002514 41
0.000163 18
0.155292 21
0.366053 21
0.099364 21
0.114337 21
0.002345 65
0.347904 3
0.002316 54
0.000157 12
0.235349 21
2.404212 7
0.000085 8
0.001723 3
0.000318 31
0.001827 22
0.000054 20
0.000030 37
0.000047 2
0.000041 37
0.000005 2
0.000033 37
0.000151 2
0.000342 129
0.000141 39
0.000009 17
0.002436 50
0.013351 19
0.000721 364
0.000048 7
0.000355 8
4.371503 1
0.003046 12
0.000191 49
0.102355 18
0.522080 25
0.002505 26
0.165643 125
0.002857 26
0.943640 6
1.082730 65
0.001410 7
0.000158 8
0.001965 3
0.000309 29
0.012089 18
0.000054 280
0.000008 120
0.000007 210
0.000008 126
0.000017 180
0.000437 129
0.000177 56
0.002666 50
0.013653 19
0.000738 364
0.000070 7
0.000396 8
2.304400 1
0.002800 12
0.000199 30
0.111725 18
0.639443 25
0.002359 26
0.345192 6
0.131435 6
0.640019 1
0.002804 23
1.525386 58
0.003029 11
0.000168 24
2.249281 42
0.003249 49
0.419777 1
0.576015 19
0.003018 49
0.097053 3
0.003157 53
0.466120 7
0.000110 8
0.002376 3
0.000276 38
0.001988 18
0.000012 60
0.000354 129
0.000131 56
0.002342 50
0.013474 19
0.000755 337
0.000004 27
0.000060 7
0.000352 8
2.816413 14
0.002864 71
0.374194 1
0.524070 19
0.002965 49
0.132590 3
0.002999 53
0.429679 7
0.000127 8
0.002322 3
0.000221 38
0.001903 14
0.000265 129
0.000116 56
0.002429 50
0.013352 19
0.000799 364
0.000052 7
0.000345 8
3.148284 1
0.002639 12
0.000171 40
0.062576 18
0.326876 25
0.002240 26
0.717912 6
0.098058 6
0.142886 6
0.466686 55
0.003508 11
0.000169 18
0.530472 24
0.002841 35
0.772314 7
0.000102 8
0.002559 3
0.001677 35
0.002336 15
0.000016 171
0.000340 129
0.000125 39
0.000005 17
0.002283 50
0.013430 19
0.000708 337
0.000012 27
0.000052 7
0.000361 8
4.717051 1
0.002298 12
0.000182 49
0.410398 149
0.003394 31
0.000172 34
0.057942 41
0.239092 30
0.001656 49
1.928651 18
0.001547 19
0.165422 101
0.002301 11
0.000138 25
0.617895 60
0.002079 65
2.472846 7
0.000101 8
0.001717 3
0.001589 30
0.001800 129
0.000125 56
0.002197 50
0.013393 19
0.000742 364
0.000067 7
0.000347 8
4.281493 1
0.001831 12
0.000163 42
0.627334 18
0.002928 31
0.112973 41
0.223380 30
0.001637 49
1.273048 18
0.001614 19
0.221989 71
0.002185 30
0.224294 95
0.002256 40
1.879837 150
0.003309 72
0.663331 7
0.000096 8
0.002419 3
0.000244 46
0.001644 129
0.000104 56
0.002317 50
0.013698 19
0.000704 364
0.000070 7
0.000356 8
2.232525 1
0.001961 12
0.000239 58
0.195521 203
0.003335 31
0.000230 36
0.107879 41
1.781296 30
0.137262 30
0.211863 30
0.002005 71
0.875838 18
0.001551 19
0.408055 6
0.085895 6
0.313319 6
1.309637 83
0.002437 11
0.176240 16
2.961174 16
8.658926 19
0.155800 19
0.150300 8
0.002792 28
0.134030 83
0.002552 29
0.253047 91
0.002549 30
0.432963 95
0.002384 30
0.223704 6
1.079582 84
0.002286 80
0.487808 7
0.000075 8
0.002249 3
0.000351 40
0.013883 129
0.000185 56
0.002663 50
0.014366 19
0.000783 337
0.000027 27
0.000130 7
0.000460 8
3.142009 1
0.002260 12
0.000182 50
0.431678 155
0.003310 31
0.000199 45
0.128321 41
0.204823 30
0.001684 49
1.073602 18
0.001641 19
0.180517 6
1.123129 161
0.002332 26
1.053222 66
0.002667 60
0.467957 7
0.000122 8
0.002168 35
0.002147 129
0.000127 56
0.002348 50
0.013343 19
0.000731 364
0.000084 7
0.000372 8
3.423029 1
0.001991 12
0.000159 44
0.695052 18
0.002991 31
1.822987 41
0.208242 30
0.001646 49
0.194920 18
0.001670 19
1.219078 6
0.101188 77
0.002253 29
1.062744 6
0.254602 6
0.002549 11
0.406524 72
0.002801 75
0.481304 7
0.000105 8
0.001989 3
0.000287 35
0.001490 125
0.000275 129
0.000150 56
0.002290 50
0.013505 19
0.000842 364
0.000063 7
0.000399 8
5.469967 1
0.002698 20
0.000172 47
0.063954 30
0.401023 41
0.100921 30
0.138855 30
0.001715 60
1.116885 18
0.001660 19
0.634627 48
0.002297 22
0.501917 48
0.763383 7
0.000134 8
0.001638 3
0.000292 30
0.001805 129
0.000152 56
0.002562 50
0.013827 19
0.000733 337
0.000014 27
0.000057 7
0.000352 8
1.477785 1
0.003229 20
0.000177 47
0.105320 101
0.002091 27
0.000230 62
0.250792 25
0.001643 26
1.384023 281
0.002567 12
0.000180 29
1.376296 84
0.002719 60
0.464050 7
0.000085 8
0.002102 3
0.000306 30
0.002277 129
0.000119 56
0.002344 50
0.013631 19
0.000721 364
0.000048 7
0.000379 8
1.391309 1
0.002916 20
0.000156 52
0.177313 131
0.002097 27
0.000164 26
0.136431 25
0.001632 26
1.416853 64
0.002205 11
0.000154 22
0.711206 21
0.539394 94
0.316997 23
0.002378 7
0.000114 8
0.001599 3
0.000266 24
0.000207 129
0.000079 69
0.002733 60
0.016476 29
0.000720 374
0.000085 7
0.000358 8
6.617037 1
0.002135 12
0.000201 47
0.124968 137
0.003364 31
0.000193 37
0.112047 41
0.235569 30
0.149664 30
0.199680 30
0.001670 71
0.121103 18
0.001843 19
1.610455 107
0.002607 11
0.000203 28
0.195663 21
1.222383 72
0.002109 75
0.519740 7
0.000107 8
0.001677 3
0.000311 37
0.002020 129
0.000157 69
0.002637 60
0.013650 19
0.000865 374
0.000097 7
0.000382 8
10.016582 1
0.002293 12
0.000230 47
0.305661 18
0.003155 31
0.135485 41
0.462062 30
0.256813 131
0.405100 32
0.002526 32
0.228972 30
0.167121 30
0.001728 71
1.358957 18
0.002074 19
0.169299 89
0.002329 31
0.548950 101
0.002568 29
0.116502 6
0.495417 6
0.002468 11
0.091578 92
0.003357 37
5.393551 132
0.003435 128
6.583846 7
0.000105 8
0.002460 61
0.000314 50
0.001985 129
0.000126 69
0.002532 60
0.013834 19
0.000754 374
0.000063 7
0.000349 8
2.590370 1
0.002016 12
0.000188 60
0.230071 18
0.003171 31
0.153282 41
1.316286 30
0.133668 30
0.212739 30
0.001642 71
0.131751 18
0.001715 19
1.085109 6
0.172238 161
0.002593 29
1.085922 6
0.290351 6
0.002626 11
0.535399 72
0.002689 75
0.775717 7
0.000110 8
0.002256 3
0.000230 39
0.002397 129
0.000150 49
0.000017 20
0.002652 60
0.013476 19
0.000729 374
0.000073 7
0.000362 8
4.906451 1
0.003550 20
0.000197 46
0.184591 30
0.001664 27
0.102111 25
0.001653 26
0.186244 58
0.002271 11
0.000180 12
0.156513 21
1.409454 7
0.000126 8
0.001707 3
0.000332 17
0.000224 129
0.000086 56
0.002570 50
0.014016 19
0.000756 364
0.000077 7
0.000381 8
1.186344 1
0.002663 12
0.000146 37
0.118263 18
1.223752 25
0.002137 26
0.188101 6
0.089845 6
1.890077 42
0.001344 7
0.000118 8
0.002071 3
0.000302 29
0.001974 18
0.000020 220
0.000005 120
0.000016 407
0.000004 135
0.000032 209
0.000005 60
0.000297 129
0.000173 39
0.000003 17
0.002862 50
0.013962 19
0.000709 337
0.000013 27
0.000066 7
0.000414 8
9.162942 1
0.002681 12
0.000159 30
0.068166 18
0.212262 25
0.002108 26
0.991507 6
0.113638 6
0.157944 1
0.002935 20
0.724523 34
0.003251 11
0.000146 22
0.833153 48
0.003152 54
1.190165 7
0.000123 8
0.002413 3
0.000245 39
0.002282 15
0.000028 189
0.000008 129
0.000293 129
0.000111 56
0.002969 50
0.014213 19
0.000725 337
0.000005 27
0.000069 7
0.000400 8
14.190649 1
0.003241 20
0.000187 38
0.139580 51
0.001931 27
0.000187 31
0.629374 25
0.001785 26
0.756351 95
0.002320 11
0.000134 36
0.100241 21
0.852968 21
2.937152 21
0.197997 21
0.190322 21
0.615405 21
0.755237 21
0.086207 21
0.083499 21
0.406492 21
0.002686 18
0.385806 6
0.002669 11
0.203199 21
0.822376 21
0.129585 21
0.215587 21
0.174439 21
0.362783 49
0.002710 49
0.000176 18
0.603865 24
2.002289 7
0.000136 8
0.002219 3
0.000256 37
0.002041 129
0.000094 56
0.002581 50
0.013889 19
0.000697 337
0.000012 27
0.000072 7
0.000344 8
0.896016 1
0.003154 20
0.000170 59
0.153476 30
0.001681 27
0.940968 25
0.001799 26
0.586627 137
0.002630 11
0.000197 34
0.073592 21
0.362153 21
0.196112 21
0.925263 96
0.002799 45
0.286352 1
0.219372 1
0.111743 1
0.157996 1
0.350154 11
0.002543 59
0.081261 34
0.002726 70
1.217596 7
0.000087 8
0.001982 3
0.001749 35
0.001964 129
0.000125 56
0.002510 50
0.013764 19
0.000719 364
0.000078 7
0.000349 8
0.763424 23
0.002720 129
0.317300 1
0.212935 1
0.169466 1
0.166180 1
0.546918 4
0.499818 4
0.030528 4
0.049313 19
0.002731 59
0.498382 3
0.002938 53
0.000215 19
0.027120 33
0.002662 49
0.028364 5
0.029712 5
0.030435 5
0.030045 5
0.031357 5
0.029903 5
0.030491 5
0.002287 58
0.152904 4
0.138553 3
0.002485 54
0.000246 26
0.497202 89
0.003001 27
0.027997 95
0.002941 28
0.027010 101
0.002590 29
0.026964 107
0.002234 30
0.028585 113
0.002857 31
0.027843 119
0.002464 32
0.028609 125
0.002870 33
0.134806 131
0.002860 34
0.224052 126
0.002381 35
0.209790 125
0.002832 11
0.000203 60
0.199147 21
1.124532 21
3.572524 21
0.096811 21
1.393582 21
0.226060 21
1.165438 21
0.488414 21
0.122880 21
0.049740 21
0.366464 21
0.002734 77
0.438349 209
0.002937 11
0.000183 26
0.181412 21
0.824964 60
0.002384 22
0.230907 1
0.209367 1
0.129488 1
0.131610 1
0.344710 11
0.003089 71
0.076989 34
0.002792 80
0.647231 7
0.000110 8
0.002026 3
0.000263 39
0.001820 68
0.000036 58
0.000338 129
0.000107 56
0.002421 50
0.013343 19
0.000815 368
0.000068 7
0.000455 8
25.949075 27
0.002572 27
0.744072 3
0.002974 12
0.497751 10
0.003149 14
0.025577 17
0.002819 16
0.028296 24
0.002880 18
0.026808 31
0.002489 47
0.000162 20
0.028519 54
0.002839 22
0.028059 61
0.002806 24
0.027687 64
0.002850 22
0.028138 70
0.002887 23
0.027600 77
0.002615 25
0.027971 83
0.002839 26
0.027850 78
0.002137 27
0.027990 77
0.002213 65
0.000149 28
0.027594 101
0.002445 29
0.027863 107
0.002227 30
0.028052 113
0.003094 31
0.027463 119
0.002461 32
0.027019 125
0.002258 33
0.028946 131
0.002567 34
0.027739 137
0.002445 35
0.027020 143
0.002432 36
0.027848 149
0.002492 37
0.028300 155
0.002560 38
0.028345 150
0.001916 39
0.028305 149
0.001890 40
0.027962 174
0.002736 20
0.000163 61
0.027179 172
21.308368 23
0.002779 129
1.081265 113
0.002890 50
0.551694 154
0.002988 41
0.485092 91
0.002680 100
0.206262 125
0.003004 30
0.149111 143
0.383599 23
0.002667 129
0.549447 138
0.185426 1
2.035376 1
0.001875 20
0.000183 61
0.079400 30
0.001788 27
0.135516 25
0.001659 26
0.253651 6
0.002353 11
0.223413 21
0.397248 132
0.002785 65
0.770207 7
0.000134 8
0.002213 3
0.000215 39
0.002072 129
0.000119 56
0.002589 50
0.013845 19
0.000728 364
0.000063 7
0.000391 8
2.531988 1
0.002639 12
0.000148 41
0.055032 18
0.872118 83
0.001159 7
0.000127 8
0.001721 3
0.000251 26
0.001840 297
0.000005 114
0.000286 129
0.000158 39
0.000006 17
0.002618 50
0.014365 19
0.000703 337
0.000012 27
0.000073 7
0.000368 8
15.240184 1
0.003357 20
0.000272 122
0.237621 30
0.133080 41
0.001645 38
0.105314 18
0.001623 19
21.484201 6
0.167011 6
1.768959 6
0.212659 6
1.859228 6
0.254006 479
0.002866 11
0.000190 60
0.478543 21
3.692363 21
0.002329 21
0.600171 6
0.600668 6
1.416458 251
0.002923 55
1.107363 6
0.661550 6
0.418486 6
0.186232 6
1.048358 6
0.475962 6
0.003645 11
0.219382 21
2.360577 44
0.003141 47
0.975148 21
0.605856 162
0.003505 152
3.524642 7
0.000095 8
0.003126 3
0.000251 68
0.002071 27
0.000057 12
0.000333 129
0.000146 39
0.000004 17
0.002494 50
0.013446 19
0.000730 364
0.000069 7
0.000402 8
2.172315 1
0.003237 20
0.000187 89
0.228362 30
0.179534 41
0.002006 38
0.113878 18
0.001680 19
1.374939 6
0.221772 305
0.002416 28
1.187435 83
0.002326 27
0.203371 6
0.182532 6
2.192787 6
0.002618 11
0.137860 21
1.787751 48
0.002473 54
0.913881 7
0.000100 8
0.001954 3
0.000223 32
0.002061 123
0.000013 60
0.000297 129
0.000134 56
0.003483 50
0.014501 19
0.000718 337
0.000007 27
0.000066 7
0.000379 8
5.489433 1
0.003324 20
0.000162 36
0.482055 44
0.003308 66
0.121431 41
0.366721 30
0.001704 49
1.126645 18
0.001721 19
0.596329 6
0.002255 12
1.156861 204
0.002852 64
0.225681 20
3.243636 20
0.198640 20
0.269108 20
0.259885 36
0.002555 29
0.226456 19
0.147885 20
0.181728 20
0.150854 20
0.059932 20
0.179165 20
0.096620 186
0.002808 31
1.636093 113
0.002762 30
0.695918 108
0.602154 20
0.002575 30
0.215254 108
0.615258 20
0.002562 30
0.626053 18
0.987209 13
0.002473 19
1.555737 6
0.002558 12
0.145201 18
0.823218 13
0.003046 19
0.507692 64
0.003747 11
0.000200 25
0.132960 21
1.371461 54
0.002970 60
1.924444 7
0.000098 8
0.002383 3
0.000243 61
0.000195 129
0.000090 56
0.002551 50
0.013743 19
0.000797 364
0.000074 7
0.000355 8
0.413203 47
0.003031 226
0.281833 1
0.500353 1
0.029725 1
0.030784 1
0.029939 1
0.029920 1
0.029870 1
0.030351 1
0.030860 1
0.145160 1
0.184684 1
0.153952 1
0.145884 1
0.113536 1
0.135932 1
0.146295 1
0.241771 112
0.072454 111
0.559362 7
0.000099 8
0.002381 3
0.000285 61
0.000230 129
0.000078 56
0.002642 50
0.013559 19
0.000746 364
0.000080 7
0.000382 8
0.480776 47
0.002980 226
0.366039 1
0.500652 1
0.029792 1
0.030561 1
0.031054 1
0.031047 1
0.030068 1
0.030589 1
0.029945 1
0.029926 1
0.030819 1
0.030329 1
0.030553 1
0.031063 1
0.031069 1
0.330492 1
0.479716 112
0.063312 111
1.810071 7
0.000133 8
0.002499 3
0.000287 61
0.000206 129
0.000084 56
0.002671 50
0.013379 19
0.000718 364
0.000087 7
0.000395 8
2.776237 47
0.002919 226
0.396548 1
0.501606 1
0.029568 1
0.030021 1
0.030594 1
0.029760 1
0.030180 1
0.030740 1
0.029895 1
0.030088 1
0.030692 1
0.030692 1
0.029097 1
0.030608 1
0.213968 1
0.190453 1
0.496185 112
0.090579 111
0.217022 4
0.499638 4
0.029987 4
0.029916 4
0.030292 4
0.029959 4
0.029954 4
0.030856 4
0.030818 4
0.029068 4
0.030275 4
0.030480 4
0.030735 4
0.031143 4
0.029796 4
0.031421 4
0.824107 19
0.003499 12
0.175584 26
0.003260 14
0.117325 33
0.003335 16
0.135596 40
0.003610 18
0.107242 47
0.003308 20
0.122384 54
0.003392 22
0.120284 61
0.003361 24
0.144566 64
0.003656 22
0.126596 70
0.003348 23
0.127554 77
0.003604 25
0.218237 72
0.002837 26
0.510890 71
0.003077 11
0.000163 23
0.107719 21
0.569902 48
0.003181 54
1.078995 7
0.000098 8
0.002452 3
0.000237 60
0.000182 129
0.000063 39
0.000004 17
0.002602 50
0.013383 19
0.000721 364
0.000048 7
0.000360 8
0.387724 46
0.002972 221
0.222170 1
0.501298 1
0.028997 1
0.031592 1
0.030078 1
0.030171 1
0.029956 1
0.030940 1
0.030235 1
0.028977 1
0.030185 1
0.030659 1
0.031023 1
0.124739 1
0.288850 1
0.224722 107
0.155243 106
0.452654 7
0.000111 8
0.002423 3
0.000261 60
0.000210 129
0.000080 56
0.002813 50
0.013845 19
0.000921 364
0.000061 7
0.000532 8
0.268226 46
0.003317 221
0.302237 1
0.500026 1
0.029264 1
0.030480 1
0.031210 1
0.029629 1
0.031882 1
0.029652 1
0.030693 1
0.030931 1
0.029619 1
0.029790 1
0.030404 1
0.029964 1
0.227828 1
0.508211 107
0.087956 106
0.459748 7
0.000088 8
0.002407 3
0.001699 60
0.000286 129
0.000134 56
0.002830 50
0.013551 19
0.000726 364
0.000085 7
0.000396 8
10.596033 1
0.003061 20
0.000184 53
0.062873 30
0.201957 41
0.001710 38
0.115462 18
0.001528 19
1.317283 6
0.349421 89
0.002388 51
6.542145 216
0.003172 177
1.188192 7
0.000137 8
0.002716 3
0.000287 55
0.002003 13
0.000026 12
0.000386 129
0.000125 56
0.002894 50
0.014628 19
0.000728 364
0.000090 7
0.000383 8
3.717366 1
0.003600 20
0.000213 61
0.097866 30
0.001860 27
0.204288 25
0.001984 26
0.977855 149
0.002145 11
0.000180 36
0.079087 21
1.700188 21
1.271497 114
0.002533 111
0.268536 1
0.193239 1
0.136723 1
0.142991 1
0.592693 37
0.076683 34
0.002775 77
1.328761 7
0.000103 8
0.002073 3
0.000252 37
0.001995 129
0.000164 56
0.002554 50
0.013672 19
0.000806 337
0.000007 27
0.000093 7
0.000388 8
0.308908 25
0.002737 139
0.934865 150
0.958652 1
0.002813 20
0.000216 59
0.114648 30
0.001894 27
0.136626 25
0.001784 26
0.638504 137
0.002154 11
0.000167 34
0.591112 114
0.002484 111
0.259023 1
0.203484 1
0.143845 1
0.185293 1
0.487107 37
0.133705 34
0.002810 70
1.584764 7
0.000103 8
0.002069 3
0.000416 35
0.001896 129
0.000150 56
0.002442 50
0.013785 19
0.000759 364
0.000060 7
0.000343 8
1.171427 1
0.003277 20
0.000180 57
0.169022 30
0.001754 27
0.153106 25
0.001585 26
0.299295 125
0.002350 11
0.000177 38
1.210899 138
0.002602 131
0.302678 1
0.195706 1
0.179736 1
0.159625 1
0.555068 37
0.077705 34
0.003053 80
0.647709 7
0.000135 8
0.002206 3
0.000246 39
0.002041 129
0.000146 56
0.002530 50
0.013423 19
0.000744 364
0.000081 7
0.000377 8
5.174119 1
0.003475 20
0.000223 76
0.337276 30
0.211351 41
0.001812 38
0.074689 18
0.002069 19
1.518446 6
0.263567 227
0.002873 64
1.339984 6
0.187097 6
0.192888 6
1.465547 6
0.002699 11
0.187124 21
0.195918 21
0.283145 21
0.242567 21
0.599221 21
1.319652 21
0.640049 21
0.332316 21
0.188915 21
1.234105 21
0.002407 18
0.368068 6
0.002957 11
0.179688 21
2.200038 44
0.002745 47
0.631657 188
3.095179 1
0.499717 1
0.030891 1
0.030400 1
0.030808 1
0.029773 1
0.029835 1
0.029949 1
0.030448 1
0.029652 1
0.029854 1
0.030502 1
0.030546 1
0.029848 1
0.507266 4
0.557730 88
0.003038 63
0.051859 61
0.003306 47
0.495926 4
0.499987 4
0.029359 4
0.029520 4
0.030516 4
0.030949 4
0.029419 4
0.030438 4
0.030389 4
0.030333 4
0.030072 4
0.029710 4
0.307946 4
0.228518 162
0.003704 152
2.952001 7
0.000079 8
0.003033 3
0.000258 68
0.001935 14
0.000015 13
0.000043 12
0.000341 129
0.000153 39
0.000025 17
0.002592 50
0.013667 19
0.000718 364
0.000055 7
0.000369 8
3.257572 1
0.003147 20
0.000201 89
0.555671 30
0.266781 41
0.001758 38
0.946293 18
0.001727 19
0.195024 6
0.667217 305
0.002369 38
0.411781 6
1.749094 132
0.003381 116
0.704716 7
0.000106 8
0.002850 3
0.000281 42
0.002277 129
0.000127 56
0.002414 50
0.013495 19
0.000743 364
0.000105 7
0.000392 8
3.840524 1
0.003274 20
0.000185 63
0.251124 30
0.200460 41
0.001772 38
0.778658 18
0.001719 19
0.465906 6
1.446454 149
0.002344 56
0.177362 251
1.171617 3
0.002193 56
0.127530 253
0.002474 39
0.187558 149
0.002369 28
0.964481 6
0.115503 6
1.065815 66
0.002731 60
0.408727 7
0.000094 8
0.002130 3
0.000300 32
0.001915 244
0.000022 243
0.000335 129
0.000147 56
0.002491 50
0.013795 19
0.000799 364
0.000066 7
0.000355 8
5.732319 1
0.003303 20
0.000152 61
0.104584 30
0.001844 27
1.076817 25
0.001741 26
0.550755 149
0.002419 11
0.000179 36
0.099862 21
1.343555 120
0.002571 116
0.306389 1
0.209035 1
0.163855 1
0.229843 1
0.502949 37
0.032744 34
0.003086 77
0.625020 7
0.000119 8
0.002067 3
0.000341 37
0.002117 129
0.000128 56
0.002568 50
0.013999 19
0.000715 364
0.000090 7
0.000383 8
0.770291 25
0.002607 139
0.425948 150
0.883138 1
0.002819 20
0.000180 59
0.105255 30
0.001893 27
0.101447 25
0.001694 26
0.907284 137
0.002230 11
0.000191 34
0.589354 114
0.002589 111
0.262366 1
0.169730 1
0.145578 1
0.147543 1
0.516423 37
0.086694 34
0.002672 70
0.500204 7
0.000108 8
0.002027 3
0.000280 35
0.002027 129
0.000125 56
0.002553 50
0.014325 19
0.000831 364
0.000101 7
0.000445 8
0.966339 1
0.003276 20
0.000179 57
0.090955 30
0.002108 27
0.110792 25
0.001641 26
0.505321 125
0.002506 11
0.000159 38
0.387448 138
0.002805 131
0.257078 1
0.143319 1
0.169985 1
0.255023 1
0.528387 37
0.083351 34
0.003322 80
1.911077 7
0.000109 8
0.001987 3
0.000265 39
0.002050 129
0.000131 39
0.000005 17
0.002763 50
0.014140 19
0.000713 337
0.000004 27
0.000065 7
0.000349 8
1.126311 1
0.003065 20
0.000168 53
0.272544 30
0.220499 41
0.001757 38
0.129856 18
0.001731 19
0.956255 6
0.257261 89
0.002351 64
0.229049 6
1.258371 293
0.002423 63
0.834564 6
1.008100 6
0.775638 6
0.002701 11
0.100279 21
2.012552 21
0.462454 21
0.208502 21
0.692212 21
0.002565 42
0.364374 245
0.526500 3
0.002824 55
0.137702 6
0.249640 6
0.528455 6
0.236929 6
0.609337 6
0.712840 6
0.002940 11
1.067270 204
0.003696 187
2.003139 7
0.000098 8
0.003351 3
0.000291 69
0.001927 14
0.000012 13
0.000044 12
0.000329 129
0.000134 39
0.000005 17
0.002348 50
0.013699 19
0.000715 364
0.000062 7
0.000334 8
8.508826 1
0.002950 20
0.000165 71
0.129029 245
0.002117 27
0.000204 39
0.119934 25
0.003436 42
0.156464 30
0.002478 70
0.425030 31
0.002128 33
0.209874 131
0.003077 20
0.000152 23
0.123105 30
0.002294 27
0.136892 18
0.002232 19
0.207403 6
0.002617 11
0.548845 36
0.002787 17
0.824869 7
0.000109 8
0.002152 3
0.000297 27
0.119179 33
2.125923 1
0.730713 1
0.421728 1
0.326537 1
0.423294 1
0.292526 1
0.162172 1
0.102951 1
0.150858 1
0.083392 1
0.119138 1
0.349040 35
0.278307 134
2.193397 1
0.073253 1
0.148478 1
1.477060 1
0.177951 1
0.712767 1
0.657803 3
1.286229 1
1.299113 5
1.266020 1
0.844338 1
0.150656 1
0.090128 1
0.142203 1
0.636046 1
0.391402 1
0.257437 1
0.664124 6
1.970299 1
0.219031 1
0.194067 1
0.251770 1
0.222325 1
1.110834 1
0.197051 1
0.551992 1
0.855871 1
0.191743 1
2.666278 11
0.002394 134
2.241979 1
0.060220 1
0.397359 1
0.181635 1
0.881367 1
0.316220 1
0.139487 1
0.179527 2
0.738219 1
0.171182 7
1.541716 11
0.000142 94
1.274323 1
0.251745 1
0.757770 4
0.150536 4
0.078494 1
0.220274 1
0.195302 1
1.520801 1
0.290588 1
1.914534 1
0.508805 1
0.535764 1
0.951927 1
0.482589 1
0.183238 1
0.219753 1
0.394956 9
1.953444 11
0.001750 14
0.000056 13
0.000039 12
0.000298 94
1.700220 1
0.091238 1
0.139296 1
0.784642 1
0.099866 1
0.339272 11
0.001995 15
0.000017 271
0.000378 94
14.136888 1
0.285981 1
0.331646 1
0.166782 1
6.748895 11
0.000081 6
0.003078 129
0.000178 56
0.002533 50
0.015389 19
0.000868 337
0.000005 126
0.000062 7
0.000357 8
7.306945 1
0.003130 20
0.000133 61
0.148929 30
0.001758 27
1.052953 150
0.002386 131
0.296825 1
0.181065 1
0.173773 1
0.134256 1
0.496136 37
0.090016 34
0.003106 80
1.801059 7
0.000117 8
0.002416 42
0.001996 129
0.000146 56
0.002498 50
0.013441 19
0.000710 337
0.000005 27
0.000087 7
0.000398 8
1.131008 27
0.002718 149
0.662478 162
0.602793 1
0.003518 20
0.000189 61
0.462061 30
0.001986 27
0.315981 25
0.002016 26
0.529339 149
0.002536 11
0.000181 34
0.105544 21
0.492204 108
0.003503 106
0.455506 1
0.169071 1
0.112056 1
0.163417 1
0.537147 37
0.070359 34
0.002648 70
1.435539 7
0.000088 8
0.002034 3
0.000287 35
0.002046 129
0.000146 56
0.002520 50
0.013702 19
0.000725 364
0.000102 7
0.000382 8
0.845424 1
0.002782 20
0.000177 57
0.098640 30
0.002015 27
0.131678 25
0.001940 26
0.864682 125
0.002235 11
0.000189 38
0.263128 158
0.002334 14
0.964335 3
0.002178 11
0.000155 38
0.088561 21
0.290959 132
0.002499 126
0.266529 1
0.193874 1
0.229808 1
0.635749 1
0.571562 4
0.500720 4
0.029837 4
0.030610 4
3.242766 19
0.002797 12
0.496908 26
0.003028 14
0.026657 33
0.002649 16
0.027406 40
0.002738 18
0.028257 47
0.002862 20
0.027410 54
0.002664 22
0.027519 61
0.003043 24
0.027948 64
0.003189 22
0.025989 70
0.002770 23
0.027676 77
0.003158 25
0.028306 83
0.002895 26
0.026659 78
0.002399 27
0.028806 77
0.002390 28
0.027035 101
0.002242 29
0.027874 107
0.002303 30
0.028281 113
0.002706 31
0.026481 119
0.002246 32
0.028631 125
0.002224 33
0.028428 131
0.002408 34
0.027396 137
0.002442 35
0.130017 143
0.002976 36
0.163164 149
0.003074 37
0.138251 155
0.003058 38
0.157566 150
0.002191 35
0.534723 125
0.002750 11
0.000165 36
0.944153 126
0.002426 121
0.273009 1
0.204273 1
0.113305 1
0.155104 1
0.176134 1
0.467399 4
0.522795 37
0.061867 34
0.002708 77
2.833167 7
0.000105 8
0.002048 3
0.000278 37
0.002105 129
0.000157 56
0.002539 50
0.013631 19
0.000714 364
0.000063 7
0.000352 8
2.818690 1
0.001944 12
0.000182 37
0.271304 76
0.003344 31
0.588925 32
0.001810 16
0.000161 37
0.160446 72
0.136014 1
0.002986 20
0.000176 90
0.002047 346
0.230880 1
0.003626 20
0.000197 50
0.142445 119
0.002022 27
0.091354 25
0.001833 26
0.417521 1
0.155841 20
0.002157 20
0.000193 50
0.096175 106
0.264633 1
0.002004 20
0.000203 90
0.263420 30
0.232666 41
0.001951 38
0.233981 18
0.001703 19
1.051495 317
0.002257 11
0.456267 8
0.002210 67
0.286694 6
1.426741 6
0.169924 6
1.357275 299
0.002802 66
0.973986 6
0.879064 6
0.278225 6
0.003207 11
0.684724 21
0.201867 21
0.272409 21
0.255460 21
0.838821 21
0.002458 42
0.273343 6
1.935931 6
0.243149 6
0.196709 6
0.131270 6
0.989650 6
0.368999 6
0.725231 6
1.778284 210
0.003953 187
2.130094 7
0.000196 8
0.003138 3
0.000296 72
0.002154 14
0.000014 13
0.000017 12
0.002715 129
0.000156 56
0.002442 50
0.014406 19
0.000710 364
0.000077 7
0.000369 8
5.143765 1
0.003292 20
0.000176 49
0.087722 30
0.938553 41
0.107713 30
0.114410 30
0.001769 60
0.559823 18
0.001614 19
0.721423 58
0.002878 24
1.450968 6
0.185287 6
0.855687 6
1.454314 27
0.432113 3
0.002366 18
0.256549 6
0.148582 6
0.088249 6
1.556331 7
0.001050 7
0.000111 8
0.001737 3
0.000275 28
0.002282 129
0.000177 56
0.003089 50
0.014008 19
0.000781 364
0.000066 7
0.000398 8
2.356725 1
0.002930 20
0.000193 59
0.105912 30
0.001763 27
0.147620 25
0.001673 26
0.589003 137
0.002462 11
0.000194 36
0.175146 21
0.399734 21
1.684583 114
0.002781 111
0.617490 7
0.000108 8
0.002162 3
0.000367 37
0.002172 129
0.000209 56
0.003088 50
0.014285 19
0.000711 364
0.000080 7
0.000461 8
3.120175 1
0.003157 11
0.000162 84
0.445456 368
0.001826 29
0.387846 25
0.003117 42
0.133195 43
0.002130 27
0.169896 20
0.002091 16
0.000208 84
0.094807 21
0.140141 27
0.002060 41
0.837889 18
0.001783 19
0.541180 6
0.103562 329
0.002716 28
1.118541 83
0.002176 39
0.506309 6
0.196976 6
1.020890 6
0.675226 6
0.002422 11
1.852119 120
0.002572 115
0.581425 7
0.000085 8
0.001955 3
0.000307 44
0.002864 183
0.000327 129
0.000144 56
0.002492 50
0.015062 19
0.000790 337
0.000005 27
0.000077 7
0.000427 8
7.939012 1
0.003173 20
0.000187 59
0.165742 173
0.001914 27
0.000178 16
0.374537 25
0.001745 26
0.567278 13
0.002440 11
0.000181 22
0.591752 36
0.002623 47
0.275139 7
0.000108 8
0.001887 3
0.000295 22
0.000220 129
0.000068 67
0.002599 58
0.014582 29
0.000753 372
0.000097 7
0.000358 8
1.966258 1
0.002851 20
0.000183 65
0.284982 30
0.176889 41
0.001645 38
0.756977 18
0.001509 19
0.214179 6
0.196174 161
0.002481 49
2.110912 6
0.523051 203
0.002672 50
0.894703 6
0.926200 6
0.457372 6
0.302026 6
4.240926 191
0.270735 1
0.436474 3
0.163061 3
0.003066 46
0.172976 193
0.002952 47
0.107800 199
0.002346 48
0.099650 203
0.002881 11
0.000161 27
0.575538 21
1.096229 66
0.002585 70
1.389507 7
0.000086 8
0.002253 39
0.002733 14
0.000040 13
0.000050 12
0.000345 129
0.000141 47
0.000006 20
0.002569 58
0.013652 19
0.000744 372
0.000064 7
0.000392 8
1.555867 1
0.003023 20
0.000174 43
0.163265 30
0.001690 27
0.123749 25
0.001622 26
0.218653 48
0.002366 11
0.000185 12
0.144449 21
0.330238 7
0.000107 8
0.001622 3
0.000277 17
0.000234 129
0.000094 56
0.002585 50
0.013467 19
0.000741 364
0.000113 7
0.000392 8
5.771388 1
0.002895 20
0.000221 47
0.066158 30
0.308634 41
0.129596 30
0.105641 30
0.001804 60
0.151048 18
0.001789 19
2.005665 6
0.002460 11
0.265293 21
0.181566 21
0.406237 21
1.393254 21
0.157074 21
0.129215 21
0.328392 16
0.002669 52
1.873911 7
0.000132 8
0.001657 3
0.000215 29
0.001975 129
0.000129 56
0.002979 50
0.013816 19
0.000710 364
0.000065 7
0.000373 8
1.327493 1
0.003144 11
0.000198 48
0.214896 21
0.180508 27
0.001751 41
1.211842 18
0.001609 19
0.238625 6
0.315257 6
2.441549 6
0.332858 6
0.285041 6
0.848543 6
0.536892 83
0.002639 11
0.000158 47
0.282766 21
0.595152 21
1.639337 45
0.002465 47
1.311632 176
0.002721 52
0.204433 1
0.650330 3
0.328754 3
0.002633 47
0.000171 41
0.435178 21
0.904813 21
0.422214 145
1.850661 20
0.003122 12
0.235543 6
0.887798 6
0.376979 6
0.003400 11
0.279544 21
29.097962 36
0.003170 47
6.879414 7
0.000118 8
0.002625 3
0.000321 56
0.002899 14
0.000034 13
0.000032 12
0.000352 129
0.000113 39
0.000009 17
0.002513 50
0.013343 19
0.000737 364
0.000087 7
0.000380 8
52.519731 1
0.003430 20
0.000178 38
0.157370 30
0.001815 27
0.116380 25
0.002054 26
0.619561 15
0.002566 16
0.174944 41
0.002097 20
0.000172 38
0.115612 40
0.535316 1
0.003093 20
0.000199 49
0.152539 30
0.002064 27
3.264371 78
0.002736 77
1.541983 7
0.000106 8
0.002271 3
0.000258 27
0.024340 134
20.269150 1
0.162839 1
0.166784 1
0.442661 1
2.511732 11
0.000113 94
1.646594 1
0.072945 1
0.345958 1
0.122939 1
0.106618 1
0.880617 1
0.588252 1
0.091418 1
0.237951 1
0.960634 1
0.068018 1
1.288036 1
0.150456 1
0.877637 1
1.496278 1
0.259505 1
0.247591 1
0.300273 1
0.161672 1
0.200286 1
9.051808 11
0.001580 94
6.817251 1
0.192384 1
0.112159 1
1.558632 1
0.518231 1
1.497204 3
1.706541 1
0.145772 1
0.116600 5
4.206890 11
0.000113 118
1.965943 1
0.191002 1
0.353888 4
0.191191 1
0.574539 1
1.832840 1
0.099759 1
1.427451 1
0.515673 1
0.116945 1
0.192874 1
0.132367 1
2.691795 1
0.677609 1
0.795087 1
0.102513 1
0.091654 1
1.163448 1
0.795284 1
0.116685 1
0.470616 1
0.113796 1
1.273474 1
0.726359 1
1.858612 1
0.152676 1
0.044168 1
1.290107 1
2.744153 4
0.175961 4
0.236634 4
0.166799 4
0.681488 1
0.089235 1
1.956510 1
0.255705 1
1.702681 1
0.682939 1
0.116007 1
1.051894 1
0.086033 1
0.828444 1
0.691509 1
0.861507 1
1.825810 1
0.153713 1
0.810770 1
0.378624 1
0.219704 1
0.449972 1
0.090952 1
0.867468 1
1.077195 1
0.075409 1
0.167691 1
0.305836 1
5.756909 11
0.013111 118
2.201725 1
0.092488 1
2.054996 1
0.136385 1
1.271937 1
1.314447 1
0.148912 1
0.240411 1
1.878668 1
0.095968 1
1.739853 1
0.240040 1
2.769800 11
0.001551 118
3.269749 1
0.162740 1
0.102438 1
0.568790 1
0.076232 6
1.188054 11
0.000109 132
0.861501 1
0.099595 1
0.228100 1
0.535041 1
0.072503 1
0.902579 1
0.422540 1
0.092650 1
0.174379 1
0.118208 1
0.708925 1
0.858238 1
0.692099 1
0.116851 1
0.069275 1
0.926042 1
0.381528 1
0.125151 1
0.183612 1
0.097043 1
0.542155 1
0.688829 1
0.545532 1
0.080134 1
0.801224 1
0.076030 1
1.269628 4
0.167263 1
1.312606 1
0.401740 1
0.134978 1
0.158103 1
0.111986 1
0.307588 1
0.581609 1
1.214676 1
0.428436 1
0.202971 1
2.304062 1
0.315693 1
0.113751 1
0.186640 1
0.451632 4
0.137460 1
0.112352 1
0.537218 1
1.003593 1
0.135588 1
0.218693 1
0.323600 1
19.291334 11
0.001663 132
6.785143 1
0.292590 1
0.212640 1
1.769826 4
0.215367 4
0.154387 4
0.155972 1
0.155722 1
0.106658 1
0.386256 1
0.195949 1
0.582429 1
0.162269 1
0.316433 1
0.203821 1
0.070022 1
0.367832 1
0.190500 1
1.967002 1
0.258639 1
0.138143 1
0.788880 1
0.188077 1
0.131652 1
0.402885 11
0.000234 94
3.127930 1
0.257951 1
0.142152 1
0.120004 1
1.465721 1
0.508453 1
1.342776 1
0.803583 1
1.549753 1
0.228586 1
0.178905 1
0.281971 1
1.870433 1
1.130955 1
0.177828 1
0.341598 1
1.576584 1
0.660962 1
0.069343 1
0.206863 1
1.258157 1
0.254921 1
0.136154 1
0.679500 1
1.103965 1
0.252716 1
1.094353 1
1.181854 1
0.132592 1
0.186727 1
1.587866 1
0.256185 1
1.388816 1
0.317484 1
0.629766 1
0.107104 1
1.209067 1
0.073086 1
0.864416 1
1.351106 1
0.359376 1
0.069241 1
0.838378 3
1.277498 1
0.289482 1
0.150846 5
6.707269 11
0.002224 107
0.000397 94
3.380651 1
1.004595 1
0.166778 1
0.183514 1
2.448578 1
1.024529 1
0.162471 1
1.085952 1
0.191723 1
0.190000 1
0.249011 1
1.005366 1
0.245070 1
0.317181 1
0.489327 2
1.604357 11
0.001638 94
2.800862 1
0.104776 1
0.178517 1
0.116489 1
1.837330 1
1.367566 1
0.240999 1
0.340932 1
0.868145 1
0.268114 1
0.259110 1
1.179033 1
1.058434 1
0.199285 1
0.186919 1
0.798555 1
0.653203 1
0.088855 1
0.169789 1
0.189566 1
1.005474 1
0.201971 1
0.798691 1
0.219526 1
0.245783 1
0.582039 4
0.431007 1
0.209437 1
0.897343 1
0.256439 6
6.704171 11
0.002429 156
0.000012 93
0.000431 94
5.173834 1
0.517734 1
0.140519 1
0.739197 1
0.747328 1
0.450235 1
0.229868 1
0.315325 1
0.413652 8
1.626476 11
0.001279 71
0.994280 1
2.487531 2
0.002005 94
6.336714 1
0.245122 1
0.083791 1
0.139718 1
0.529393 11
0.000034 6
0.003573 129
0.000189 56
0.002743 50
0.018572 19
0.000835 337
0.000005 126
0.000062 7
0.000366 8
3.446248 1
0.002933 12
0.000158 24
0.047642 18
0.539583 7
0.000112 8
0.001694 3
0.001670 26
0.002048 374
0.000006 93
0.000005 114
0.000005 115
0.000362 129
0.000180 56
0.002554 50
0.014103 19
0.000766 364
0.000099 7
0.000421 8
2.065908 1
0.003321 20
0.000151 48
0.081914 30
0.395354 41
0.080752 30
0.249725 30
0.002087 60
1.774823 18
0.001823 19
56.634534 55
0.002687 23
0.305585 6
2.014757 6
0.593604 6
0.275424 6
0.067637 6
0.159282 6
0.904307 6
0.765475 6
0.185668 6
1.173447 7
0.000130 8
0.002001 3
0.000237 31
0.002088 129
0.000133 56
0.002541 50
0.013738 19
0.000701 337
0.000012 27
0.000051 7
0.000347 8
0.425237 1
0.002990 20
0.000173 38
0.164737 30
0.001904 27
0.109154 25
0.001761 26
0.898426 13
0.002502 11
0.000156 23
0.495805 114
0.357717 23
0.002778 7
0.000119 8
0.001846 3
0.000264 25
0.000202 129
0.000090 70
0.002816 61
0.014586 29
0.000755 375
0.000080 7
0.000394 8
1.809780 1
0.001717 12
0.000181 72
0.111366 18
2.049102 25
0.001879 26
0.127811 6
0.748655 6
1.034753 6
1.094793 6
3.876831 6
0.184571 6
0.227089 6
2.844404 6
1.041902 6
0.095508 6
0.154173 44
2.568002 20
0.002562 12
0.235273 6
1.049629 6
1.105432 6
0.111522 6
0.219233 6
0.159622 6
1.262413 125
0.003045 34
3.265239 114
1.566329 7
0.000109 8
0.002746 3
0.000250 58
0.028157 165
0.000460 129
0.000185 70
0.002950 61
0.014204 19
0.000769 375
0.000023 7
0.000363 8
59.437955 46
0.003764 27
0.304871 1
0.500408 1
0.029883 1
0.031274 1
0.030073 1
0.031003 1
0.029646 1
0.029790 1
0.030941 1
0.030628 1
0.030748 1
0.029169 1
0.031203 1
0.031008 1
0.030565 1
0.029775 1
0.242413 1
0.174801 1
0.244503 1
2.972507 26
0.088164 25
1.852831 4
1.195752 7
0.000105 8
0.002913 3
0.000316 58
0.028061 165
0.000430 129
0.000179 50
0.000005 20
0.002562 61
0.014161 19
0.000752 375
0.000072 7
0.000350 8
0.417488 46
0.003421 27
0.335625 1
0.500166 1
0.031496 1
0.030782 1
0.030902 1
0.030493 1
0.030585 1
0.029602 1
0.030269 1
0.029739 1
0.029950 1
0.030563 1
0.030308 1
4.312348 1
0.299480 1
0.173227 1
0.103998 1
0.141837 1
0.088065 1
0.666875 26
0.065426 25
0.321169 4
0.189940 4
0.153892 4
0.474566 4
0.148797 22
0.172724 22
0.145829 22
0.942156 21
0.129329 21
1.207248 22
0.468947 21
2.563174 21
8.493870 7
0.000432 8
0.002606 61
0.028458 165
0.000479 129
0.000186 70
0.002837 61
0.015431 19
0.000769 375
0.000081 7
0.000363 8
1.211419 46
0.003446 27
0.285622 1
0.501085 1
0.029988 1
0.029972 1
0.030472 1
0.029450 1
0.030915 1
0.030505 1
0.030320 1
0.030456 1
0.030212 1
0.030358 1
0.030080 1
0.030980 1
0.029770 1
0.031432 1
0.030068 1
0.030959 1
0.030382 1
0.713085 26
0.093359 25
17.011757 4
0.501015 4
0.030278 4
0.029379 4
0.030516 4
0.030236 4
0.030874 4
0.030107 4
0.031037 4
0.031241 4
0.030449 4
0.029961 4
0.029806 4
0.030476 4
0.029644 4
0.029954 4
0.179845 4
0.221726 4
0.726990 5
0.077797 3
23.775319 7
0.000112 8
0.002785 3
0.000267 58
0.054287 165
0.000453 129
0.000202 70
0.003211 61
0.013560 19
0.000757 375
0.000083 7
0.000373 8
10.603482 1
0.003475 20
0.000228 47
0.171313 30
0.002109 27
0.094976 25
0.001773 26
0.184464 64
0.002629 11
0.000167 12
0.102901 21
0.773282 7
0.000102 8
0.002020 20
0.000282 129
0.000098 56
0.002624 50
0.013427 19
0.000750 364
0.000029 7
0.000415 8
5.213824 1
0.003132 20
0.000177 57
0.214490 30
0.001736 27
0.983574 25
0.001760 26
0.387131 6
0.303206 119
0.002338 25
1.442191 6
0.361242 58
0.002909 11
0.000197 34
2.469947 119
1.480283 33
0.002871 25
0.113313 21
0.170960 21
0.100555 21
0.407244 21
0.308220 21
0.648998 21
0.124231 21
0.036918 21
20.522930 7
0.000104 8
0.002023 3
0.000296 38
2.616479 129
0.000133 56
0.002796 50
0.016429 19
0.000725 364
0.000085 7
0.000376 8
2.280393 1
0.003426 11
0.000180 68
0.069296 21
0.196795 27
0.002063 41
0.217374 18
0.001882 19
0.968257 6
0.286933 233
0.002534 68
0.227722 323
0.002582 68
1.932701 6
0.221205 317
0.002744 61
0.278340 6
0.683341 6
0.002570 11
0.291886 21
1.754032 318
0.001235 50
1.701883 230
0.002885 18
0.000166 49
0.993261 6
0.935334 6
0.552511 6
0.005956 20
0.259095 30
0.003681 27
2.249137 18
0.003949 19
1.144122 6
1.727259 175
0.003792 44
0.692818 179
0.004097 12
0.000163 33
1.065596 18
0.003306 19
0.372388 6
0.004547 11
0.843038 161
1.450145 23
0.004254 24
0.411687 21
0.004884 71
0.730819 6
0.303338 6
0.239908 6
0.286898 6
0.951627 6
0.254697 6
2.198050 7
0.000132 8
0.003369 3
0.000280 58
19.707138 129
0.000249 56
0.002648 50
0.014049 19
0.000865 337
0.000005 123
0.000064 7
0.000350 8
2.422422 1
0.003220 11
0.000204 70
0.265058 21
0.160097 27
0.001832 41
0.127369 18
0.001965 19
1.193056 6
0.161438 6
0.178609 6
0.090702 6
1.714001 6
4.902061 6
0.180357 6
0.003228 11
0.602904 21
0.500783 21
0.193277 21
0.747660 21
0.079716 21
0.109702 21
1.227046 21
1.845045 21
0.491729 21
1.528108 170
0.003676 50
0.753413 230
0.002931 18
0.000172 52
1.226260 6
0.845911 6
0.646936 6
0.004759 20
0.154787 30
0.003394 27
0.549406 18
0.003588 19
0.911291 6
0.822596 6
0.607183 6
0.683607 6
0.315934 6
0.003751 12
1.436719 162
3.091906 7
0.000104 8
0.003637 3
0.000305 72
7.779359 129
0.000234 56
0.002772 50
0.016785 19
0.000870 337
0.000005 122
0.000087 7
0.000375 8
44.194316 1
0.003154 11
0.000221 84
0.075874 21
0.129820 27
0.001772 41
0.165363 18
0.001716 19
1.467869 6
0.159923 6
0.186784 6
0.109845 6
1.191562 6
0.121850 6
0.269401 6
0.002896 11
0.723832 21
0.174455 21
0.143348 21
0.259577 21
0.089953 21
0.087093 21
0.797343 21
0.442272 21
0.416181 21
1.893203 21
1.245576 248
0.003218 87
0.000221 49
1.982317 18
0.002834 19
0.954544 6
0.086007 6
0.295520 6
1.191220 6
0.483149 6
0.614760 6
0.779307 6
0.004957 20
0.123817 30
0.003509 27
0.604405 18
0.003273 19
0.331006 6
0.003807 12
0.723749 18
0.003832 19
0.838247 132
4.232163 7
0.000090 8
0.003334 3
0.000287 69
9.438050 129
0.000192 56
0.002795 50
0.014140 19
0.000973 459
0.000178 7
0.000390 8
1.842279 1
0.003066 11
0.000216 81
0.932640 21
0.260562 27
0.002089 41
0.695566 18
0.001708 19
0.372037 6
0.189926 311
0.002419 40
1.471539 155
0.002398 27
1.324836 6
1.162787 6
0.002473 11
0.411805 68
0.002826 60
0.000181 24
2.216488 63
0.002754 26
1.050959 86
0.002677 24
0.078923 21
2.260872 36
0.002454 47
2.208718 16
0.002699 14
0.392194 21
0.432652 21
4.712397 7
0.000133 8
0.001956 3
0.000235 43
0.002821 22
0.009123 22
0.011677 129
0.000171 56
0.002525 50
0.013848 19
0.000731 364
0.000083 7
0.000389 8
4.870350 1
0.002671 12
0.000162 24
0.095744 18
3.046027 20
0.002709 24
0.158885 15
5.596516 1
0.003200 21
0.000182 45
0.465053 58
0.978740 1
0.002125 21
0.000163 45
0.539675 73
0.003757 27
0.118438 22
0.003646 57
0.250673 43
0.001990 35
0.146954 19
0.002060 21
0.000168 45
0.092403 58
0.211351 1
0.002846 12
0.000183 24
0.039666 18
0.198139 7
0.000119 8
0.001661 3
0.000262 26
0.001782 796
0.000009 108
0.000322 129
0.000143 56
0.002517 50
0.013677 19
0.000770 337
0.000005 27
0.000092 7
0.000382 8
26.034114 1
0.003360 20
0.000191 38
0.873394 30
0.001644 27
0.237832 25
0.002101 26
0.974029 13
0.002269 11
0.000172 23
0.390074 21
0.392366 104
0.877189 23
0.002296 7
0.000147 8
0.001605 3
0.000269 25
0.000244 129
0.000093 70
0.002802 61
0.014213 19
0.000750 375
0.000080 7
0.000377 8
2.113965 1
0.002554 12
0.000146 24
0.192347 18
0.162214 7
0.000104 8
0.001685 3
0.000338 26
0.002166 74
0.000307 129
0.000137 70
0.002502 61
0.013913 19
0.000774 375
0.000074 7
0.000375 8
11.989217 2
0.002213 19
0.255184 30
0.399365 38
0.634928 47
0.002365 33
6.513935 7
0.000067 8
0.002185 46
0.001832 191
0.000343 129
0.000171 70
0.002498 61
0.013464 19
0.000736 379
0.000081 7
0.000360 8
1.715741 30
0.002425 33
0.183180 60
0.447054 30
0.341282 38
0.308011 47
0.002524 33
0.955591 58
0.003828 54
0.237355 78
0.004263 70
0.339444 71
0.004046 75
3.120853 7
0.000111 8
0.003375 3
0.000274 69
0.000783 41
0.001591 129
0.000126 70
0.002867 61
0.014728 19
0.000834 348
0.000005 121
0.000070 7
0.000367 8
17.180627 1
0.003335 20
0.000156 60
0.128090 30
0.001697 27
1.683323 25
0.001696 26
0.268326 6
0.105064 137
0.002669 38
0.129760 6
2.177179 132
0.002498 120
0.657381 7
0.000117 8
0.002068 3
0.000264 40
0.001923 129
0.000139 70
0.002413 61
0.013597 19
0.000739 375
0.000073 7
0.000357 8
14.855111 1
0.003035 12
0.000146 24
0.056530 18
0.872682 7
0.000096 8
0.001675 3
0.000257 26
0.001755 107
0.000296 129
0.000148 70
0.002990 61
0.014217 19
0.000747 375
0.000084 7
0.000381 8
4.214021 1
0.003269 20
0.000272 90
0.106217 30
0.350814 41
0.001777 38
0.176606 18
0.001870 19
1.178778 6
0.608398 311
0.002239 52
0.661818 227
0.002730 56
0.996699 6
0.578794 6
0.002764 11
0.291711 21
0.247433 21
2.679761 185
2.896253 20
0.003730 21
0.268846 21
0.207173 21
0.415372 122
0.003381 28
2.567636 3
0.003842 23
0.000204 32
0.397152 184
0.010792 160
0.000008 1
0.000798 153
3.437870 21
0.099196 166
0.000007 1
0.000791 158
0.355430 166
0.000025 1
0.000763 158
0.178118 166
0.000007 1
0.001132 158
0.195126 166
0.000015 1
0.001084 158
0.107022 119
0.003729 32
0.496581 125
0.003716 33
0.025124 131
0.003377 34
0.027349 126
0.002886 35
0.027357 125
0.002627 36
0.027861 149
0.002788 37
0.027577 155
0.003287 38
0.026113 161
0.002653 39
0.027364 167
0.002874 40
0.027228 173
0.002960 41
0.027246 179
0.002658 42
0.028284 185
0.002885 43
0.027047 191
0.002909 44
0.026393 197
0.002608 45
0.028087 203
0.002844 46
0.026751 209
0.002940 47
0.026864 215
0.002648 48
0.027461 221
0.003052 49
0.026946 227
0.002839 50
0.028028 233
0.002860 51
0.026562 239
0.002783 52
0.027615 245
0.002785 53
0.027548 251
0.002661 54
0.027491 246
0.002291 55
0.028024 245
0.002294 56
0.027116 253
0.002098 52
0.030172 229
0.002367 66
0.027043 313
0.001934 67
0.028534 317
0.002050 68
0.028293 349
0.001973 31
0.000173 69
0.027505 360
0.002132 90
0.027901 346
0.719374 7
0.000103 8
0.000877 3
0.000247 129
0.000051 70
0.003038 61
0.013778 19
0.000973 375
0.000116 7
0.000581 8
1.881184 2
0.002314 19
1.510090 16
0.482880 2
0.002515 19
0.163097 45
2.583903 1
2.016501 1
0.003120 11
1.765035 16
0.436367 16
0.718051 19
0.176414 19
2.462294 8
0.184881 1
0.210507 3
0.003635 12
0.216660 10
0.002923 14
0.326035 17
0.002885 105
0.000207 16
0.319301 35
0.002900 18
1.474123 1
0.003148 11
0.353313 16
0.003225 14
0.555633 3
0.003226 11
0.488851 16
0.298634 16
1.917280 19
0.500323 19
0.029003 8
0.031015 1
0.003244 16
0.026653 40
0.002888 18
0.027731 47
0.002626 20
0.027052 54
0.002753 22
0.027612 61
0.002755 24
0.027449 64
0.002793 22
0.028100 70
0.002969 23
0.026482 77
0.002873 25
0.027087 83
0.002654 26
0.027786 89
0.002793 27
0.028375 95
0.002627 28
0.028266 101
0.002822 29
0.028371 107
0.002891 30
0.027322 113
0.002797 31
0.027130 119
0.002897 32
0.027421 125
0.002591 33
0.027353 131
0.002705 34
0.026886 137
0.002873 35
0.027895 143
0.002613 36
0.028231 138
0.002326 37
0.026926 137
0.002248 38
0.028231 145
0.002164 39
0.027809 151
0.001954 40
0.028389 155
0.001842 41
0.027779 180
0.002799 20
0.000198 62
0.026168 178
0.579439 1
0.002086 12
0.000211 37
0.484829 72
0.108695 1
0.003258 20
0.000178 90
0.219505 30
0.238241 41
0.001661 38
0.275040 18
0.001730 19
1.548498 6
2.172964 311
0.002418 52
1.264288 227
0.002354 56
0.598707 6
0.592035 240
0.002811 110
3.616795 7
0.000109 8
0.002326 3
0.000288 61
0.001761 51
0.000006 195
0.000318 129
0.000144 70
0.002506 61
0.013958 19
0.000731 379
0.000059 7
0.000359 8
4.137118 1
0.002701 12
0.000162 24
0.088855 18
2.987728 7
0.000063 8
0.001908 29
0.001824 107
0.000290 129
0.000105 50
0.000007 20
0.002403 61
0.013707 19
0.000753 375
0.000067 7
0.000400 8
11.595619 1
0.003050 20
0.000195 47
0.169195 30
0.001588 27
0.118635 25
0.001958 26
0.260055 64
0.002835 11
0.000106 12
0.305430 21
0.533625 7
0.000077 8
0.001642 3
0.000228 17
0.000191 129
0.000090 56
0.002714 50
0.013425 19
0.000751 364
0.000072 7
0.000535 8
0.344839 5
0.002645 38
0.206514 38
0.249054 65
0.003262 138
0.975478 178
0.358754 65
0.002916 138
0.797719 7
0.000114 8
0.002337 3
0.000256 61
0.001878 86
0.000024 102
0.000318 129
0.000155 39
0.000004 17
0.002573 50
0.013729 19
0.000746 368
0.000067 7
0.000355 8
24.347582 1
0.003498 20
0.000162 38
0.160617 30
0.001923 27
0.139750 25
0.001773 26
1.179643 13
0.002420 11
0.000189 23
0.758241 114
0.361143 23
0.002464 7
0.000099 8
0.002047 3
0.000263 25
0.000212 129
0.000052 70
0.003009 61
0.014135 19
0.000727 375
0.000074 7
0.000378 8
1.091348 13
0.002252 78
0.173764 113
0.003295 147
11.504145 7
0.000110 8
0.002583 64
0.001894 246
0.000322 129
0.000136 70
0.002523 61
0.015553 19
0.000740 379
0.000068 7
0.000391 8
3.405766 1
0.003866 20
0.000166 82
0.058569 30
0.188347 41
0.001855 38
0.085046 18
0.002100 19
0.708464 6
0.200784 263
0.002681 65
0.187037 6
0.124527 6
1.413980 6
0.272265 6
0.223226 6
0.003505 11
1.030662 21
1.691116 21
0.537997 21
0.202496 21
0.096981 21
0.119502 21
10.216562 21
0.440565 21
0.637366 21
1.498027 236
0.002962 71
0.000192 39
0.398992 6
1.905657 6
1.811236 132
0.003877 39
0.694123 7
0.000127 8
0.003777 3
0.000285 58
0.001796 77
0.000016 58
0.000015 133
0.000634 129
0.000141 70
0.002620 61
0.013784 19
0.000847 469
0.000131 7
0.000378 8
18.955761 1
0.003664 20
0.000168 47
0.174290 30
0.001911 27
0.054146 25
0.002184 26
0.165240 64
0.002787 11
0.000184 12
0.115676 21
1.015548 7
0.000094 8
0.001614 3
0.000244 17
0.000208 129
0.000067 56
0.002848 50
0.014266 19
0.000907 337
0.000006 27
0.000077 7
0.000452 8
1.975735 1
0.002279 12
0.000163 37
0.513072 76
0.003218 31
0.279157 32
0.001935 16
0.000221 37
0.194620 76
0.003486 31
0.129053 41
0.002075 42
0.425225 1
0.082175 32
0.001771 16
0.000202 37
0.255960 18
0.155343 25
0.001859 26
0.484052 6
0.302973 6
0.199137 6
1.143993 6
0.762547 27
0.003286 11
0.419259 16
0.663609 22
0.002734 60
4.313606 7
0.000098 8
0.002039 3
0.000288 29
0.011673 129
0.000127 56
0.002656 50
0.013528 19
0.000726 364
0.000065 7
0.000388 8
0.273979 1
0.002939 12
0.000165 24
0.092219 18
0.274263 7
0.000098 8
0.001652 3
0.000279 26
0.001690 663
0.000005 215
0.000299 129
0.000176 56
0.002446 50
0.013673 19
0.000806 337
0.000017 27
0.000100 7
0.000362 8
2.550074 1
0.002298 12
0.000253 43
0.137965 18
0.131335 25
0.001939 26
0.876718 89
0.002710 11
0.000219 40
0.153014 61
0.002060 60
2.147722 21
0.665238 110
0.002982 24
0.134979 97
4.028072 15
0.003681 21
0.275505 13
0.002648 47
0.549739 19
0.499828 19
0.029263 19
0.031246 19
0.030277 19
0.029318 19
0.112158 8
0.475007 1
0.003091 11
0.593317 16
0.202712 22
0.002770 60
1.993268 16
0.212909 16
0.226524 29
1.383104 15
0.003191 21
0.603651 16
0.743653 48
4.763623 7
0.003465 7
0.000072 8
0.002651 3
0.000289 82
0.024715 129
0.000179 56
0.002698 50
0.014024 19
0.000914 364
0.000085 7
0.000376 8
1.658032 1
0.001888 12
0.000215 96
0.108715 431
0.003424 31
0.283691 32
0.001933 16
0.000251 96
0.140655 426
0.330278 1
0.001789 12
0.000249 96
0.756764 18
0.360088 432
0.002521 96
0.161399 426
13.738406 1
0.003165 20
0.000162 50
0.206536 30
0.364304 41
0.431602 30
0.107445 30
0.002050 60
0.550524 18
0.001959 19
1.336516 6
0.257631 6
0.650327 6
0.778596 6
0.515391 41
0.053901 1
0.069051 1
0.637941 3
0.140982 3
0.919638 3
0.002539 22
1.006806 36
0.833333 7
0.000100 8
0.001849 3
0.000306 31
0.001955 129
0.000157 56
0.002659 50
0.014345 19
0.000709 364
0.000053 7
0.000352 8
0.834602 1
0.003465 20
0.000250 38
0.299842 51
0.002053 31
0.279956 1
0.002092 38
0.121970 30
0.001702 27
0.106354 25
0.001776 26
1.138421 13
0.002374 11
0.000224 23
0.268514 21
0.816774 48
0.002183 54
11.817215 7
0.000104 8
0.001619 3
0.000361 25
0.000212 129
0.000075 70
0.002695 61
0.014068 19
0.000749 375
0.000087 7
0.000365 8
3.049962 1
0.002030 12
0.000211 72
0.173158 18
3.402843 264
3.918551 1
0.499561 1
0.029749 1
0.030424 1
0.029576 1
0.030600 1
0.031029 1
0.030908 1
0.029625 1
0.029838 1
0.030169 1
0.030488 1
0.029691 1
0.030411 1
0.030900 1
0.029851 1
0.030334 1
0.224699 1
0.569037 1
1.056695 26
0.092725 25
0.757340 4
0.500411 4
0.029028 4
0.030409 4
0.030920 4
0.030092 4
0.030882 4
0.028938 4
0.030952 4
0.030751 4
0.031072 4
0.030347 4
0.030719 4
0.030626 4
0.030958 4
0.029713 4
0.191925 4
0.349015 4
0.200874 5
0.117565 3
0.948646 1
0.506640 1
0.024969 1
0.030274 1
0.030004 1
0.030288 1
0.030099 1
0.029765 1
0.030504 1
0.030720 1
0.030371 1
0.030540 1
0.029704 1
0.237888 1
0.227379 22
0.183076 22
0.197306 22
0.445361 21
0.289150 21
0.252866 21
1.843804 7
0.000129 8
0.002763 3
0.000308 58
0.028316 165
0.000383 129
0.000147 70
0.002892 61
0.014325 19
0.000731 375
0.000070 7
0.000354 8
0.792628 46
0.003384 27
0.236390 1
0.500908 1
0.030229 1
0.029929 1
0.030845 1
0.029151 1
0.030898 1
0.030014 1
0.030793 1
0.029841 1
0.029965 1
0.030614 1
0.029727 1
0.029942 1
0.029508 1
0.030017 1
0.029932 1
0.030184 1
0.116510 1
0.684842 26
0.095492 25
0.783500 7
0.000117 8
0.002956 3
0.000252 58
0.028672 164
0.000381 129
0.000180 70
0.002586 61
0.013996 19
0.000825 375
0.000101 7
0.000418 8
1.638354 46
0.003394 27
0.312683 1
0.500652 1
0.030050 1
0.029312 1
0.029759 1
0.031009 1
0.030522 1
0.031439 1
0.029625 1
0.030717 1
0.030016 1
0.030770 1
0.113059 1
0.175926 1
0.323375 1
0.498052 22
0.169144 22
0.220314 22
0.113257 21
0.867407 21
0.140122 21
0.118699 21
0.491979 1
0.528870 4
0.353622 22
0.496749 1
0.173903 1
0.153205 1
0.129766 1
0.556914 26
0.080685 25
4.460717 7
0.000097 8
0.002698 3
0.000332 58
0.028238 165
0.000396 129
0.000174 70
0.003028 61
0.014373 19
0.000719 375
0.000078 7
0.000375 8
0.995603 46
0.003848 27
0.955319 1
0.609214 5
0.077647 3
0.273986 1
0.500683 1
0.029112 1
0.031328 1
0.028751 1
0.029954 1
0.030744 1
0.031273 1
0.029859 1
0.030248 1
0.030673 1
0.029604 1
0.030053 1
0.192048 1
0.189595 1
0.163665 1
0.165308 1
0.363245 1
0.451193 26
0.078478 25
0.420635 4
0.713977 7
0.000148 8
0.002794 3
0.000311 58
0.053793 164
0.000484 129
0.000221 70
0.003205 61
0.013926 19
0.000727 375
0.000081 7
0.000379 8
3.087403 1
0.003467 20
0.000202 47
0.215618 30
0.001752 27
2.534102 25
0.001906 26
0.147028 64
0.002460 11
0.000233 12
0.113741 21
0.561137 7
0.000098 8
0.001620 3
0.000297 17
0.000235 129
0.000072 56
0.002736 50
0.013955 19
0.001056 364
0.000084 7
0.000428 8
1.527609 1
0.003805 20
0.000186 62
0.151428 30
0.001827 27
1.026809 25
0.001594 26
0.250760 6
0.249775 149
0.002462 36
1.334617 126
0.002896 110
0.614780 7
0.000115 8
0.001982 3
0.001562 38
2.597428 185
0.003036 50
0.013974 19
0.000742 364
0.000050 7
0.000419 8
0.883249 1
0.003375 11
0.000216 70
0.728024 21
0.237683 27
0.001729 41
0.728224 18
0.001782 19
0.253555 6
0.199279 6
0.189602 6
4.847752 228
0.004320 98
1.557850 7
0.000116 8
0.003299 3
0.000283 58
19.438504 129
0.000169 56
0.002734 50
0.014274 19
0.000852 337
0.000005 123
0.000067 7
0.000365 8
6.385248 1
0.001915 12
0.000229 96
0.540912 426
0.159132 1
0.003383 11
0.000217 70
0.154635 21
0.305850 27
0.001763 41
0.194144 18
0.001938 19
1.188853 6
0.115918 6
0.177110 6
0.171433 6
1.069509 6
0.515823 6
0.789609 6
0.002912 11
0.982366 61
0.002649 60
1.186484 21
0.002723 18
0.679819 6
1.017034 6
0.395518 6
0.004841 20
0.204594 30
0.003562 27
1.510986 18
0.003338 19
0.411778 119
0.004087 43
0.865117 6
1.294908 167
1.458902 1
0.500274 1
0.029463 1
0.030640 1
0.030916 1
0.029945 1
0.031259 1
0.029661 1
0.030550 1
0.030162 1
0.828276 4
0.466482 49
0.004277 48
0.553224 4
0.500352 4
0.029470 4
0.030491 4
0.029724 4
0.029828 4
0.030477 4
0.029610 4
0.030714 4
0.030393 174
0.004349 21
6.273045 7
0.000073 8
0.004005 3
0.000290 72
7.847745 129
0.000199 56
0.002730 50
0.015013 19
0.000857 459
0.000075 7
0.000369 8
1.679490 1
0.002848 11
0.000225 84
0.073221 21
0.166437 27
0.001843 41
0.111485 18
0.001786 19
1.138003 6
0.137164 6
0.188542 6
0.720699 6
0.859687 6
0.170034 6
0.267063 6
0.003230 11
1.566905 21
0.178102 62
0.002648 60
1.752194 21
0.910464 248
0.002936 87
0.000213 49
0.586574 18
0.002899 19
0.758446 198
0.004075 39
3.297651 7
0.000122 8
0.003959 3
0.000269 69
9.387802 129
0.000186 56
0.002960 50
0.014642 19
0.000890 459
0.000132 7
0.000452 8
5.835485 1
0.003165 20
0.000171 38
0.159031 30
0.001741 27
0.105647 25
0.001789 26
1.616480 13
0.002587 11
0.000179 23
1.099703 114
0.672668 23
0.002419 7
0.000128 8
0.001889 3
0.000222 25
0.000204 129
0.000068 70
0.002752 61
0.013965 19
0.000738 375
0.000078 7
0.000359 8
1.986217 1
0.003000 20
0.000170 90
0.255301 30
0.287386 41
0.001758 38
0.115663 18
0.002153 19
1.096593 6
0.478622 311
0.002376 39
0.166799 6
1.499251 138
1.919622 15
0.001549 3
0.000410 43
0.002209 89
0.000034 102
0.000365 129
0.000203 70
0.003150 61
0.014049 19
0.000744 379
0.000074 7
0.000355 8
2.449394 1
0.003026 21
0.000168 45
2.787988 58
24.943255 30
0.002385 147
1.097602 7
0.000101 8
0.002059 3
0.000192 43
0.003028 22
0.009161 22
0.011973 129
0.000170 50
0.000014 20
0.002851 61
0.013811 19
0.000735 375
0.000083 7
0.000360 8
6.512684 1
0.002802 12
0.000191 24
0.065040 18
0.436802 7
0.000112 8
0.001705 3
0.000296 26
0.001709 206
0.000318 129
0.000131 50
0.000004 20
0.002614 61
0.013582 19
0.000748 375
0.000073 7
0.000346 8
2.753652 1
0.003060 20
0.000161 60
0.189616 30
0.001849 27
1.251338 25
0.001643 26
0.221233 6
0.219699 137
0.002339 38
0.122800 6
0.961708 6
0.002700 11
0.187764 61
0.002733 60
1.650811 21
0.664376 66
0.002750 70
13.953487 7
0.000103 8
0.001961 3
0.000252 40
0.040624 129
0.000176 70
0.002924 61
0.014145 19
0.000748 375
0.000081 7
0.000364 8
1.688740 1
0.003281 12
0.000221 24
0.094417 18
0.198470 7
0.000112 8
0.001694 3
0.000252 26
0.001751 200
0.000272 129
0.000127 70
0.002378 61
0.013573 19
0.000768 375
0.000103 7
0.000384 8
2.446797 1
0.003239 20
0.000155 64
0.124540 30
0.486309 41
0.001931 38
1.175153 18
0.001803 19
0.222037 6
0.199909 155
0.002395 57
0.266577 6
1.005058 6
0.210309 6
0.003085 11
2.237879 234
0.002968 110
1.013118 7
0.000104 8
0.002351 3
0.001750 61
0.011362 129
0.000201 70
0.002599 61
0.014236 19
0.001373 375
0.000153 7
0.000541 8
2.658969 1
0.003074 20
0.000197 82
0.075979 30
0.188525 41
0.001714 38
0.067162 18
0.001758 19
0.709275 6
0.150275 263
0.002397 65
0.221999 6
0.163889 6
0.687655 6
0.241524 6
0.124542 6
0.003118 11
0.396887 21
0.298551 21
2.647473 21
0.238569 21
0.038828 21
0.151746 21
1.198469 21
0.246491 21
0.485538 21
1.224427 236
0.003071 18
0.000214 39
0.415711 6
1.045036 6
0.270844 6
0.005170 20
0.165062 30
0.003641 27
0.357257 18
0.003645 19
0.311968 6
0.003507 12
2.472881 108
0.004090 95
0.874729 7
0.000117 8
0.003290 3
0.000283 58
2.690870 129
0.000268 70
0.002993 61
0.014257 19
0.000816 375
0.000090 7
0.000367 8
1.696644 1
0.002899 20
0.000174 79
0.108562 30
0.218381 41
0.001768 38
0.069443 18
0.001761 19
1.094617 6
0.167753 6
0.652149 6
0.397619 6
0.480334 6
0.160001 6
0.152713 6
0.003491 11
0.243283 21
0.250207 21
0.616843 21
0.264189 21
0.083892 21
0.131658 21
1.148320 21
0.266043 21
0.529261 21
0.451027 21
0.003453 18
0.434094 6
0.817847 6
0.440453 6
0.004866 20
0.253252 30
0.003601 27
1.146626 18
0.003342 19
0.247545 119
0.004029 43
0.544686 173
0.003981 40
0.210226 6
0.879991 6
0.004400 12
0.404889 18
0.003834 19
1.325826 132
0.559530 7
0.000106 8
0.003616 3
0.000258 66
2.214081 199
0.002840 61
0.014160 19
0.000724 375
0.000070 7
0.000382 8
7.973312 1
0.003179 20
0.000170 87
0.085173 30
0.197513 41
0.001841 38
0.079929 18
0.001669 19
0.674775 6
0.118026 6
0.192558 6
0.119795 6
0.996094 6
0.100124 6
0.250154 6
0.002902 11
0.378763 21
0.225521 21
1.127677 63
0.002681 60
0.916717 21
0.002533 18
0.337286 6
0.431599 6
0.231503 6
0.005299 20
0.212059 30
0.003868 27
1.250546 18
0.003522 19
0.519022 6
0.499507 161
0.004625 42
0.435428 167
0.495157 3
0.003876 42
0.107304 6
0.410955 6
0.747331 6
0.004239 12
0.455376 18
0.004313 19
0.692348 138
0.796698 7
0.000120 8
0.003652 3
0.000286 68
2.611085 129
0.000175 70
0.003113 61
0.014092 19
0.000739 375
0.000082 7
0.000381 8
3.397339 1
0.003681 20
0.000198 89
0.072604 30
0.153694 41
0.001744 38
0.057202 18
0.002033 19
0.772417 6
0.773887 305
0.002393 39
0.205630 6
0.827442 6
0.193647 6
0.003169 11
0.209503 21
0.210472 21
2.787445 21
0.225992 21
0.063545 21
0.129055 21
1.379120 110
0.002893 52
0.425347 3
0.002873 47
0.000166 30
0.226080 21
0.498371 21
0.210481 21
0.975035 92
0.002767 22
0.931488 36
0.002514 47
1.050751 7
0.000104 8
0.002052 3
0.000408 38
0.003779 35
0.011667 129
0.000147 70
0.002636 61
0.013761 19
0.000722 375
0.000111 7
0.000357 8
6.215934 1
0.003137 20
0.000161 47
0.172401 30
0.001767 27
0.098185 25
0.002102 26
0.207364 64
0.002800 11
0.000138 12
0.157972 21
0.667418 7
0.000129 8
0.001602 3
0.000263 17
0.000217 129
0.000077 56
0.002722 50
0.013716 19
0.000721 364
0.000080 7
0.000363 8
2.071098 1
0.003028 20
0.000172 50
0.062461 30
0.815526 41
0.082801 30
0.118525 30
0.002253 60
0.048905 18
0.001694 19
1.551924 64
0.002458 11
0.000192 31
1.216613 96
0.002724 16
0.248198 7
0.000100 8
0.002080 3
0.000268 38
0.002000 129
0.000237 56
0.002429 50
0.014121 19
0.000867 364
0.000078 7
0.000401 8
1.760998 1
0.003627 20
0.000188 38
0.089906 51
0.001944 27
0.000187 38
0.116636 25
0.002098 26
0.804608 137
0.002589 11
0.000235 38
0.146031 21
0.451510 21
2.294423 45
0.002176 47
2.011928 21
0.341629 70
0.002401 65
1.132985 21
0.002112 18
0.799998 77
0.002752 11
0.000187 48
0.082666 21
0.183079 38
0.002597 41
0.941602 21
1.204294 21
0.626295 64
0.002494 60
1.092756 21
0.002686 18
0.424470 6
0.003090 11
0.187700 21
0.637804 32
0.002807 35
0.837142 21
0.602044 60
0.002788 54
1.978902 21
0.002881 18
0.539182 6
0.003574 11
0.188039 7
0.000282 405
0.000654 11
1.602560 21
0.196828 129
0.602135 23
0.003478 7
0.000100 8
0.002721 6
0.000292 60
0.002138 129
0.000144 56
0.002433 50
0.013597 19
0.000780 364
0.000096 7
0.000376 8
34.673127 1
0.002173 12
0.000225 96
0.312473 431
0.003228 27
0.000199 42
2.044572 188
0.003749 57
0.090683 30
0.697957 32
0.286530 43
0.002107 35
0.000158 42
0.454745 27
0.239539 21
0.181617 170
0.003107 89
0.315689 32
0.002388 65
0.000194 40
0.098232 21
0.002180 65
0.187099 18
0.001964 19
1.203911 6
0.150593 6
0.291238 6
1.273973 6
0.236429 6
0.002489 11
0.356531 21
1.625059 32
0.002685 35
1.453116 21
0.089514 21
0.252528 79
1.505856 57
0.002861 18
1.043957 1
0.002675 24
0.295766 63
0.003046 83
0.552865 3
0.002756 70
0.000159 24
0.417838 21
0.426479 21
0.002598 18
0.227163 6
0.003638 11
0.444681 7
0.000231 247
0.000737 11
0.981546 21
0.289076 21
0.941513 21
0.215671 21
3.095240 7
0.000169 8
0.002500 6
0.000276 44
0.025593 31
0.000574 16
0.000033 11
0.000006 13
0.041051 100
0.000506 129
0.000186 56
0.003348 50
0.014093 19
0.000729 337
0.000013 27
0.000094 7
0.000363 8
4.021792 1
0.003735 11
0.000196 71
0.284748 21
0.003275 41
0.142645 41
0.176724 30
0.001906 49
0.121648 18
0.001872 19
0.836706 185
0.001049 7
0.000117 8
0.001327 3
0.000260 18
0.000050 2
0.000101 129
0.000064 56
0.002808 50
0.013884 19
0.000706 337
0.000005 27
0.000069 7
0.000365 8
2.256570 5
0.001874 38
1.728069 1
0.002564 12
0.000206 55
2.308268 19
0.167499 20
0.103326 20
0.219150 20
0.251466 20
0.198547 36
0.002312 29
0.187589 19
0.136505 20
0.160007 20
0.152450 20
0.046900 20
0.150176 20
1.899611 120
0.002851 42
0.535989 34
0.002239 35
0.805356 11
0.002428 12
0.772214 18
0.874557 34
0.002530 35
0.468851 11
0.003346 11
2.100923 413
0.000686 11
0.898822 21
0.113739 158
0.000770 39
1.259833 33
0.002925 25
0.192176 21
0.432631 100
1.656474 7
0.003370 7
0.000126 8
0.002431 6
0.000277 71
0.000200 129
0.000087 56
0.002918 50
0.013951 19
0.000693 337
0.000006 27
0.000057 7
0.000351 8
1.773867 1
0.002133 12
0.000227 55
0.289017 18
0.003439 27
0.106061 27
1.966711 21
0.204701 21
0.002081 65
0.805297 18
0.001574 19
0.476546 6
0.146978 6
0.229452 6
0.782588 6
0.406149 6
0.002674 11
0.236936 21
1.713826 32
0.002606 35
1.520050 21
0.568544 21
0.339697 79
1.198152 57
0.002547 18
0.230549 1
0.003120 11
0.568763 8
0.253156 1
0.002611 24
0.354583 21
0.270681 21
0.002458 18
0.222492 6
0.002954 11
0.514165 7
0.000230 247
0.000665 11
0.923381 21
0.202786 49
3.122733 23
0.002976 7
0.000108 8
0.002213 6
0.000252 43
0.003611 31
0.000599 12
0.040837 100
0.000737 129
0.000204 56
0.003319 50
0.014237 19
0.000721 364
0.000092 7
0.000371 8
4.581613 1
0.003000 11
0.000178 50
0.222140 21
0.179360 27
0.001906 41
0.208509 18
0.001777 19
2.376049 6
0.495092 125
0.002586 57
1.255270 257
0.002459 51
0.185689 221
0.002386 47
0.158150 6
1.358757 191
0.002732 11
0.000175 57
0.206496 21
0.195793 21
1.610168 33
0.002587 35
0.844932 21
0.560117 21
0.617413 21
0.260332 21
0.355678 21
0.245839 21
0.002631 18
0.610229 6
0.641318 6
0.736448 6
0.298874 6
0.003212 11
0.997911 21
0.320043 21
1.077911 49
1.020384 33
0.003271 25
0.149633 59
1.647146 34
0.003333 26
0.711626 23
0.085341 23
0.965904 91
1.382908 24
0.003430 7
0.000115 8
0.002548 3
0.000359 65
0.002159 14
0.000101 13
0.000058 12
0.000050 13
0.000065 12
0.000038 14
0.000043 13
0.000057 12
0.000375 129
0.000149 39
0.000012 17
0.002826 50
0.014057 19
0.000697 364
0.000072 7
0.000366 8
9.716204 1
0.003497 11
0.000205 82
0.206331 290
0.001849 29
0.000174 14
0.129610 25
0.003244 42
0.117359 30
0.001672 49
0.678034 7
0.000107 8
0.001262 3
0.000243 18
