0.007963 299
0.095060 6
0.000128 29
0.001036 73
0.000389 188
0.000999 302
0.000090 7
0.000349 6
0.000071 8
0.654822 1
0.002631 20
0.000193 86
0.066308 30
0.215476 41
0.001793 38
0.171299 18
0.001699 19
0.982674 6
1.838916 6
0.157497 6
1.144053 6
0.475201 6
0.448943 6
1.193058 207
0.003374 119
1.195457 7
0.000110 8
0.002617 3
0.000300 65
0.001912 77
0.000017 102
0.000391 129
0.000140 34
0.002233 39
0.013903 19
0.000670 306
0.000063 7
0.000352 8
3.031467 1
0.002606 20
0.000161 82
0.209668 311
0.001724 27
0.000171 16
0.194299 25
0.001947 26
1.790708 13
0.002141 11
0.000172 23
0.197736 7
0.000105 96
0.000007 74
0.000081 1
0.000753 11
1.139676 21
0.170455 104
0.540211 23
0.002379 7
0.000084 8
0.001559 6
0.000234 25
0.000197 129
0.000060 56
0.002351 50
0.014560 29
0.000720 364
0.000062 7
0.000372 8
0.555857 13
0.002144 27
0.246655 72
0.003146 205
0.428467 7
0.000114 8
0.002611 3
0.000261 65
0.002118 14
0.000029 13
0.000037 12
0.000029 13
0.000066 12
0.000036 14
0.000022 13
0.000046 12
0.000371 129
0.000149 39
0.000004 17
0.002389 50
0.013796 19
0.000711 364
0.000070 7
0.000419 8
3.748745 1
0.003230 11
0.000259 77
0.144712 21
0.150748 272
0.003016 57
0.803444 43
0.001822 35
0.000181 65
0.315840 27
0.001973 41
0.206291 18
0.001817 19
0.996312 6
0.373707 233
0.002728 40
0.774274 6
0.249170 6
0.337395 6
0.002809 11
0.355114 21
1.050266 126
0.002918 121
3.439161 7
0.000120 8
0.002450 3
0.000336 44
0.002384 129
0.000139 56
0.002456 50
0.013171 19
0.000722 364
0.000054 7
0.000380 8
5.469422 1
0.003305 77
0.064377 30
0.402020 41
0.145514 30
0.117722 30
0.002098 60
0.277570 18
0.001914 19
0.707606 107
0.002309 20
0.096113 6
0.168322 6
0.915955 18
0.540024 7
0.000108 8
0.001710 3
0.000348 27
0.001748 129
0.000124 56
0.002390 50
0.013686 19
0.001147 364
0.000064 7
0.000451 8
0.830489 1
0.002779 20
0.000165 47
0.147195 30
0.001791 27
0.134636 25
0.001685 26
0.269897 64
0.002761 11
0.000141 20
0.122225 21
1.243022 24
0.002284 35
0.195870 7
0.000134 8
0.001731 3
0.000342 21
0.000247 129
0.000114 66
0.002421 57
0.014606 29
0.000919 371
0.000074 7
0.000463 8
1.576198 1
0.002769 20
0.000172 36
0.285872 44
0.003379 70
0.121063 41
0.413224 30
0.002003 49
0.709000 18
0.001544 19
0.528504 6
0.002178 12
0.977584 257
0.002742 48
0.656595 215
1.353337 18
0.400783 20
0.170621 20
0.002053 48
0.158386 222
0.002659 66
1.403825 258
0.947562 20
0.002630 66
0.673091 257
0.002726 48
0.250325 215
0.298039 18
0.415979 18
0.049738 18
0.182356 18
0.180508 18
0.252923 18
0.545349 20
0.186806 20
0.156306 20
0.148939 20
0.135103 20
0.148690 20
0.149706 20
0.002730 48
0.182885 222
0.002658 66
0.948631 257
1.223716 20
0.002650 66
0.303618 258
0.002718 60
0.355452 20
0.139758 20
0.136033 20
0.073765 20
0.199825 20
0.225466 20
0.244059 20
0.295619 34
0.002839 27
1.207289 150
0.002712 36
0.097508 20
18.415578 99
0.003389 61
1.909381 7
0.000132 8
0.002462 3
0.000243 60
0.000256 129
0.000081 46
0.000004 20
0.002585 57
0.013464 19
0.000747 371
0.000066 7
0.000369 8
1.744762 2
0.003231 21
0.268062 32
0.215576 44
0.575136 45
0.144477 33
0.140466 12
0.807318 1
0.003003 20
0.000165 80
0.311669 30
0.142847 41
0.265513 30
0.001677 49
3.189375 18
0.001602 19
0.517848 6
0.002494 12
0.825888 179
0.002569 48
0.386042 222
0.002545 55
0.294745 179
0.630367 20
0.002482 55
0.912923 19
1.699289 20
0.327466 20
0.140779 20
0.029624 20
0.179901 20
0.173592 20
0.233709 20
0.401845 34
0.002377 27
1.582607 126
0.002763 43
0.212107 20
0.125375 20
0.151089 20
0.308863 20
0.227225 20
0.108729 20
0.170332 20
0.640316 103
0.663965 21
0.002814 29
0.272478 19
0.468477 13
0.002372 19
1.594910 6
0.002668 12
1.045232 13
0.003080 19
0.325209 6
0.003328 11
0.280311 21
0.585334 21
0.127055 21
0.952091 56
0.003248 35
0.000197 18
1.356570 6
0.680054 20
0.075881 1
0.081454 1
1.134053 3
0.142031 3
0.143137 3
0.003580 16
0.737050 6
0.100625 6
0.178235 6
1.816904 7
0.000114 8
0.002517 3
0.000271 66
0.000280 129
0.000073 66
0.002401 57
0.013360 19
0.000960 371
0.000080 7
0.000460 8
3.105230 52
0.003311 233
0.436207 1
0.143238 1
0.155993 1
0.113628 1
0.603473 37
0.002925 56
0.076507 9
1.686171 7
0.000111 8
0.002481 3
0.000239 66
0.000251 129
0.000102 66
0.002285 57
0.013952 19
0.000765 344
0.000017 27
0.000084 7
0.000381 8
0.576183 52
0.003238 233
0.293786 1
0.189529 1
0.508821 4
0.172152 4
0.274396 19
0.003586 12
0.157052 26
0.003446 14
0.149143 33
0.003594 16
0.161152 40
0.003462 18
0.137073 47
0.003508 20
0.814850 49
0.003085 35
0.000196 20
0.578720 6
1.664239 6
1.443375 6
0.108457 6
0.209702 6
2.629842 7
0.000242 8
0.002274 3
0.000408 67
0.000007 129
0.000139 66
0.002700 57
0.013850 19
0.000746 371
0.000085 7
0.000403 8
3.070050 1
0.003138 20
0.000153 65
0.087652 209
0.003264 28
3.200726 41
1.415366 30
0.329871 30
0.001683 60
0.217109 18
0.001761 19
1.565250 6
0.002534 11
0.107169 21
0.196660 21
0.261990 21
0.540611 21
0.525442 21
0.880803 21
0.002220 49
0.217263 6
0.674043 6
1.293249 7
0.000110 8
0.001618 3
0.000236 30
0.001760 129
0.000171 66
0.002505 57
0.014355 19
0.000765 371
0.000154 7
0.000484 8
2.474614 1
0.002735 12
0.000169 24
0.082475 18
1.335666 25
0.002270 26
0.000170 27
1.107089 77
0.231362 7
0.000110 8
0.001671 3
0.000266 26
0.001702 72
0.000337 129
0.000179 66
0.002560 57
0.013711 19
0.000748 371
0.000064 7
0.000356 8
2.351509 1
0.002792 20
0.000164 49
0.187303 113
0.003149 44
0.165929 41
0.001599 38
0.754261 18
0.001598 19
0.557393 6
1.122941 161
0.002315 64
0.105621 299
0.002358 67
0.746050 317
0.002528 62
0.313594 6
0.429283 281
0.002712 50
0.239493 6
0.331491 6
2.528746 27
0.000036 1
0.000750 32
0.805885 27
0.000006 1
0.000928 32
1.288256 6
0.332139 6
0.075143 6
0.129731 6
0.269060 6
0.699202 6
0.110984 6
0.303089 6
0.236203 6
1.746693 6
0.002834 12
0.425245 155
0.003058 19
0.399324 3
0.003115 38
0.117121 18
0.002866 19
0.584856 6
0.127778 6
0.029004 6
0.706408 6
0.721890 6
0.003384 12
1.077163 18
0.003395 19
0.955978 6
0.187941 6
0.439265 6
0.399740 6
0.708990 6
0.003957 12
0.674617 18
0.003750 19
0.891278 6
0.111714 6
0.738422 6
0.260602 6
0.466933 6
0.488557 6
0.004702 12
0.335981 18
0.004144 19
0.875250 6
1.605520 6
0.198175 6
1.198035 3
0.004508 12
0.594476 6
1.636089 7
0.000105 8
0.003659 3
0.000236 58
0.002047 45
0.000015 11
0.000382 129
0.000174 66
0.002442 57
0.013719 19
0.000724 371
0.000055 7
0.000366 8
3.109884 1
0.003451 20
0.000166 79
0.117069 30
0.259761 41
0.001739 38
0.705717 18
0.001736 19
0.701181 6
1.330571 245
0.002431 61
0.399009 6
1.060365 221
0.464747 3
0.002502 60
0.076393 6
0.365623 6
1.342605 209
0.002698 11
0.000157 45
0.517619 21
0.711773 21
0.361397 105
1.938258 20
0.002876 12
0.134863 6
1.032863 6
0.129286 6
0.185791 6
0.410036 6
0.569705 6
0.252388 6
0.318186 6
1.108201 6
0.199909 6
0.535764 6
0.761507 6
0.003523 12
1.254619 18
0.441643 18
1.953189 18
0.105889 18
0.115819 18
0.698813 18
1.101192 7
0.000123 8
0.002839 3
0.000263 53
0.001905 11
0.000066 11
0.000380 129
0.000134 66
0.002357 57
0.013407 19
0.000792 371
0.000075 7
0.000437 8
2.746043 1
0.003623 20
0.000172 74
0.064465 30
0.139304 41
0.001914 38
0.185670 18
0.002034 19
1.118042 6
0.100621 215
0.002496 56
0.106164 6
0.549336 6
0.002470 11
0.286925 21
0.219095 21
1.470563 105
1.653524 20
0.002783 12
0.154304 6
0.590923 6
0.199464 6
0.107681 6
0.078026 6
0.898075 6
0.229889 6
0.739936 6
0.232227 6
0.137217 6
0.750607 6
1.036987 6
0.233100 6
0.245296 6
0.340655 6
0.435451 6
0.475523 6
0.392834 6
0.502428 6
0.465668 6
0.812478 6
0.003541 12
0.971173 18
1.149720 18
0.749158 18
0.186077 18
0.093836 18
0.799913 18
0.652565 20
0.003929 12
0.183831 18
4.518356 7
0.000103 8
0.003129 3
0.000276 60
0.002125 129
0.000161 66
0.002544 57
0.013581 19
0.000745 371
0.000078 7
0.000366 8
1.292967 1
0.003075 20
0.000195 81
0.131995 30
0.140022 41
0.001849 38
0.977309 18
0.001538 19
0.291466 6
0.627099 257
0.002100 34
0.215366 6
1.173802 6
0.266143 6
0.002655 11
0.436459 21
1.825397 21
0.688834 21
0.240365 21
0.058931 21
0.196832 21
0.229218 79
0.002894 16
1.088202 50
0.915197 7
0.002688 7
0.000120 8
0.001927 3
0.000273 32
0.001966 45
0.000366 129
0.000134 66
0.002699 57
0.014188 19
0.000739 371
0.000076 7
0.000369 8
5.944666 1
0.002839 12
0.000201 24
0.073823 18
2.386405 25
0.002488 26
0.000160 27
1.535112 77
0.003141 11
0.000187 30
1.054121 21
0.002520 18
0.378146 6
0.003079 12
0.382835 18
0.002906 19
0.209461 6
0.003085 11
0.445399 21
0.919295 115
1.562641 8
0.166383 1
0.165747 1
0.133351 1
0.288361 34
0.003602 80
1.780274 7
0.000103 8
0.002579 3
0.000275 43
0.002024 129
0.000145 66
0.002631 57
0.013721 19
0.000728 371
0.000052 7
0.000383 8
0.996202 1
0.002696 12
0.000164 45
0.431946 18
0.782794 25
0.002066 26
0.458534 101
0.002676 11
0.000174 34
0.974589 134
0.003056 31
0.162180 21
0.272813 21
0.507980 21
0.002471 18
0.317673 6
0.002667 12
0.835832 18
0.002849 19
0.762309 71
0.004000 11
0.000159 26
0.294520 21
0.724500 44
0.002966 47
1.458791 21
0.003232 52
0.604076 6
0.713751 6
0.118530 6
0.059776 6
2.654665 7
0.000107 8
0.002588 3
0.000297 46
0.002191 129
0.000129 66
0.002586 57
0.013917 19
0.000751 371
0.000072 7
0.000408 8
2.111211 1
0.002815 20
0.000176 53
0.076230 30
0.169255 41
0.001593 38
0.187418 18
0.001701 19
6.614463 6
5.590749 89
0.002370 54
1.549406 239
0.002287 56
0.552166 6
1.354903 6
0.581810 6
0.226700 6
0.257233 6
1.407867 6
0.298635 6
0.213905 6
0.255851 203
0.271473 1
0.002958 48
0.197824 6
2.376419 28
0.000048 1
0.000798 33
0.846919 6
0.195635 6
0.240332 6
0.678698 6
0.432943 28
0.000028 1
0.000905 33
1.025909 6
0.198988 6
0.699521 6
1.304102 6
0.003137 11
0.475793 21
0.354794 44
0.002942 47
0.723228 21
0.555583 21
0.600320 21
0.051618 21
0.002869 71
0.084697 6
0.239568 6
1.186591 6
0.003619 11
0.237866 21
0.232723 44
0.003137 47
0.500517 21
0.491506 21
0.686297 21
0.108991 21
0.082222 21
1.206389 7
0.000099 8
0.002741 3
0.000313 61
0.001981 79
0.000027 58
0.001500 133
0.000351 129
0.000122 46
0.000011 20
0.002394 57
0.013281 19
0.000763 375
0.000052 7
0.000347 8
54.714254 48
0.003268 172
0.562163 1
0.500567 1
0.029938 1
0.029666 1
0.031430 1
0.029919 1
0.029992 1
0.029976 1
0.030320 1
0.030455 1
0.030342 1
0.030546 1
0.030121 1
0.030201 1
0.029602 1
0.262836 1
0.164971 1
1.962047 82
0.198894 82
0.146415 82
0.152310 82
0.153171 82
0.496831 138
0.997374 82
0.707641 1
0.179129 1
0.150120 1
0.446892 108
0.003415 77
0.130084 81
0.622504 82
4.174672 81
0.580969 4
0.194456 4
0.166092 4
2.043965 4
6.077864 5
1.794939 19
0.003917 12
0.496909 26
0.003780 14
0.025870 33
0.003567 16
0.026105 40
0.003644 18
0.026721 47
0.003653 20
0.026175 54
0.003485 22
0.026743 61
0.003339 24
0.027285 64
0.003451 22
0.027368 70
0.003731 23
0.026336 77
0.003420 25
0.027310 83
0.003583 26
0.025786 78
0.002864 27
0.027129 77
0.003013 28
0.027236 85
0.003119 29
0.027387 91
0.003163 60
0.000181 30
0.026016 113
0.002929 31
0.026845 119
0.003314 32
0.027034 125
0.003259 33
0.026942 131
0.002951 34
0.026826 137
0.003246 35
0.026799 143
0.003102 36
0.027288 149
0.002956 37
0.028043 155
0.003222 38
0.027662 161
0.003039 39
0.027323 156
0.002901 40
0.026822 155
0.003284 41
0.026570 179
0.002623 42
0.027480 185
0.002786 43
0.028045 191
0.002716 44
0.026707 197
0.002526 45
0.029651 203
0.002755 46
0.027549 209
0.002559 47
0.028398 215
0.002899 48
0.026842 221
0.002802 49
0.027783 227
0.002555 50
0.028228 233
0.002715 51
0.027396 239
0.002628 52
0.026683 245
0.002589 53
0.029477 240
0.002311 54
0.027076 239
0.002247 55
0.029012 247
0.002346 56
0.027648 253
0.002429 57
0.027786 259
0.002112 58
0.028959 265
0.001871 59
0.028928 269
0.001836 60
0.027558 301
0.002990 31
0.000163 61
0.028062 312
0.003136 82
0.026298 298
0.044071 1
0.002834 12
0.000211 48
0.713026 18
17.863506 25
0.002155 26
0.496542 119
0.002841 11
0.000165 30
0.655811 21
0.002386 18
0.324537 6
0.002713 12
0.326569 18
0.003126 19
0.576110 6
0.003231 11
0.237562 21
0.340281 21
2.047135 21
0.281907 21
0.206854 63
0.003660 42
0.025262 1
0.360928 3
0.119177 3
0.004261 35
0.000172 24
0.117100 21
0.137631 21
0.910806 21
0.004153 52
0.317459 6
0.942456 6
0.090308 13
0.003876 12
0.075462 6
1.311798 7
0.000106 8
0.002611 3
0.000239 43
0.002024 129
0.000168 66
0.002673 57
0.013696 19
0.000764 371
0.000099 7
0.000349 8
7.426133 19
0.003120 111
0.240567 124
0.003556 215
1.010461 7
0.000099 8
0.002864 3
0.000302 61
0.003877 129
0.000139 66
0.002530 57
0.013846 19
0.000727 371
0.000075 7
0.000453 8
1.973408 1
0.002053 12
0.000169 49
0.193420 18
0.003660 31
1.516955 41
0.207903 30
1.556173 30
0.199872 30
0.001913 71
1.346470 18
0.001599 19
0.196410 6
0.137403 95
0.002371 40
1.099503 6
0.936708 6
0.002734 11
1.035269 158
0.002735 26
1.558514 66
0.002751 70
1.152508 7
0.000093 8
0.002289 42
0.001939 3020
0.000009 974
0.000006 203
0.000006 181
0.000004 9
0.000033 4095
0.000015 2041
0.000287 129
0.000140 66
0.002888 57
0.014169 19
0.000727 371
0.000076 7
0.000382 8
10.595829 1
0.003500 20
0.000209 62
0.272447 191
0.003508 31
0.384306 136
0.438951 43
0.002555 31
0.120474 41
0.200240 30
0.001816 49
1.034639 18
0.001863 19
0.288732 83
0.289411 3
0.002032 28
0.182812 6
0.002364 11
0.208350 21
0.230081 21
1.163469 60
0.002055 65
0.613831 7
0.000080 8
0.001730 3
0.000303 32
0.015785 2920
0.000009 1063
0.000007 189
0.000005 215
0.000052 4095
0.000009 2041
0.000324 129
0.000157 66
0.002472 57
0.013777 19
0.000735 371
0.000053 7
0.000372 8
8.288257 1
0.003159 20
0.000177 82
0.044372 30
0.190457 41
0.002281 38
0.190095 18
0.001737 19
1.208827 6
0.852725 6
0.136603 257
0.002407 53
0.684166 6
0.602829 6
0.558763 221
0.002883 109
0.196237 6
0.836680 44
0.295533 3
0.003072 108
0.089206 6
0.668729 6
0.178780 6
0.219957 6
0.882408 39
0.003027 105
0.497048 39
0.003286 106
0.026448 39
0.003183 107
0.027517 39
0.002369 108
0.027788 38
0.002895 109
0.029025 39
0.001991 51
0.028542 221
0.002491 52
0.028292 229
0.002695 53
0.027706 235
0.002127 57
0.027778 259
0.002305 58
0.029666 265
0.001864 59
0.028621 269
0.001836 60
0.027957 301
0.001960 31
0.000161 61
0.028438 312
0.001915 82
0.028305 298
39.154901 1
0.002457 20
0.000174 82
0.111653 30
0.099643 41
0.001986 38
0.179090 18
0.001796 19
0.824325 6
0.123478 6
1.725268 257
0.002365 53
0.105443 6
0.159989 6
0.960764 221
0.002691 109
0.142889 6
0.432756 6
0.002920 11
1.262394 345
1.403139 21
0.000967 18
0.535307 6
1.535015 6
0.488282 44
0.004259 70
1.048445 34
0.004992 31
0.111440 30
0.196880 30
0.003628 49
0.151546 18
0.003500 19
0.612462 6
0.409377 6
1.007353 6
0.005835 20
0.510322 30
0.190164 30
1.030845 30
0.109978 30
0.004724 60
0.221959 18
0.004056 19
1.681701 6
0.532187 6
0.831076 6
0.327408 6
0.218133 6
0.173709 6
0.608958 6
1.114676 6
0.292132 6
0.127180 6
0.588536 6
0.968399 6
0.182453 6
1.053189 6
1.051062 6
1.145214 6
0.242973 6
1.855973 6
0.546976 6
0.113533 6
0.306237 6
0.199488 6
1.193940 8
2.557072 1
0.211777 3
1.181578 299
0.000017 1
0.000972 286
0.880172 299
0.000008 1
0.000795 286
0.271994 1
0.606023 1
0.273885 300
0.000798 286
0.572910 1
23.735031 1
0.500832 1
0.030071 1
0.028951 1
0.030055 1
0.029915 9
0.483553 1
1.420926 4
0.540858 5
0.393221 4
0.422887 4
0.249459 4
0.355055 4
0.290563 4
1.695277 3
0.161154 3
0.149589 3
0.119589 4
0.176480 4
0.263962 29
0.005989 25
0.977148 39
0.005615 26
0.539459 17
3.160522 7
0.000121 8
0.004999 3
0.000313 83
0.001982 35
79.687718 129
0.000151 66
0.002715 57
0.014788 19
0.000902 470
0.000083 7
0.000400 8
3.712417 1
0.003181 20
0.000224 125
0.101752 46
0.225211 41
0.002082 38
0.503241 18
0.001757 19
0.724414 6
0.501552 6
0.216709 143
0.002460 63
0.766166 295
0.002566 100
0.124089 138
0.002569 101
0.121335 138
0.001985 102
0.098228 137
0.002083 103
0.103214 157
0.002030 31
0.000243 104
0.133898 158
0.002099 125
0.130538 138
0.283912 1
0.002904 12
0.000185 45
0.059991 18
0.318899 107
0.001197 7
0.000111 8
0.001934 5
0.000283 26
0.001838 528
0.000007 210
0.000005 83
0.000363 129
0.000165 66
0.002709 57
0.014075 19
0.000733 371
0.000086 7
0.000366 8
3.541542 1
0.003653 20
0.000209 125
0.063265 46
0.137249 41
0.001899 38
0.098688 18
0.001725 19
1.144976 6
0.243040 6
0.177646 6
0.197711 6
1.177679 6
0.125909 6
0.634438 6
0.200393 6
0.002850 11
0.200523 21
0.391789 335
1.744010 21
0.000985 18
0.445549 6
0.441712 6
0.296246 44
0.004992 20
0.000194 71
0.579528 30
0.003601 27
0.470123 18
0.003775 19
0.339311 6
0.268670 6
0.237713 6
0.005824 20
7.517998 30
0.772280 30
0.468673 30
0.157072 68
0.828793 32
0.004821 63
0.825273 30
0.004123 60
0.136851 18
0.004156 19
1.437946 6
0.147385 6
0.153198 6
1.226148 6
0.424338 6
0.186007 6
0.604951 6
0.367047 6
1.615741 6
1.206283 44
0.202636 1
0.130507 1
0.707322 3
0.189519 3
0.192948 3
0.005366 52
0.736525 6
0.584594 6
0.005471 11
0.179572 21
0.081347 21
0.302946 21
0.316731 58
0.005921 35
0.290296 1
0.006370 29
0.000227 47
0.345091 21
0.005716 35
0.430198 43
0.283894 1
0.397306 3
0.159936 3
0.006478 46
0.092659 6
0.239860 6
9.631310 6
1.090871 6
0.268733 6
0.159307 6
2.822329 6
1.865828 6
0.298910 6
1.393724 18
0.503112 6
0.145187 8
0.213323 6
1.547722 6
1.596721 6
0.739142 3
0.005757 12
0.323400 6
0.687464 3
0.005615 12
0.485178 6
1.003762 3
0.006083 12
0.202755 6
2.347944 7
0.000125 8
0.004918 3
0.000328 81
0.001926 35
206.528003 2
4.616329 6
154.272016 1
0.906711 3
0.649500 2
0.558559 1
0.488249 2
1.934730 2
0.342403 2
1.078167 1
0.296729 1
0.069646 1
0.130117 1
0.038892 1
0.112251 1
0.316855 2
0.375616 1
0.040006 1
0.103723 1
0.072270 2
0.340187 1
0.019437 1
0.077640 1
0.118928 2
0.710351 1
0.300896 3
0.669352 2
0.008920 2
0.000182 129
0.000191 66
0.002696 57
0.014263 19
0.001067 348
0.000026 235
0.000078 7
0.000386 8
2.295396 1
0.002575 12
0.000156 24
0.049103 18
0.290293 7
0.000111 8
0.001707 3
0.000207 26
0.001763 316
0.000006 112
0.000006 100
0.000018 300
0.000012 200
0.000011 172
0.000011 76
0.000368 129
0.000160 66
0.002602 57
0.014006 19
0.000826 371
0.000092 7
0.000373 8
12.781215 1
0.003437 20
0.000178 42
0.394916 79
0.003253 56
1.116446 41
0.001688 38
0.963410 18
0.001896 19
0.429736 6
0.002309 11
0.133524 21
0.113549 21
0.140011 21
0.317071 21
1.516986 21
0.272675 21
0.897443 21
1.527278 21
0.647563 200
0.002298 65
0.928632 3
0.002528 54
0.000203 45
0.382461 21
0.265631 194
0.002597 71
0.723257 3
0.002652 60
0.000156 44
0.311158 21
0.179494 21
1.392635 21
0.345929 21
0.002207 99
0.499430 18
0.002869 19
0.324329 6
0.681902 6
0.407710 6
0.003071 12
1.308014 18
0.004489 31
2.058193 30
0.368963 30
0.129111 30
0.199652 30
0.003169 71
0.216824 18
0.002841 19
0.816097 6
0.003574 12
0.403516 18
0.002957 19
0.410032 83
0.578059 3
0.003330 28
0.534577 6
0.003652 11
0.255346 21
0.003649 14
0.331350 6
0.176573 6
1.152387 6
0.372548 6
0.174651 6
0.101463 6
0.315162 6
0.502147 6
0.761264 6
0.128783 6
0.108767 6
1.059094 7
0.000093 8
0.002877 3
0.000280 56
13.627602 129
0.000254 66
0.002842 57
0.014165 19
0.000893 467
0.000090 7
0.000419 8
5.771732 1
0.002508 12
0.000169 24
0.072563 18
0.482742 7
0.000107 8
0.001819 3
0.000304 26
0.001749 586
0.000006 186
0.000014 375
0.000011 69
0.000353 129
0.000147 66
0.002595 57
0.013790 19
0.000785 371
0.000100 7
0.000425 8
7.639212 1
0.002509 12
0.000218 83
0.169550 18
1.130165 25
0.001549 26
0.197529 6
0.194307 6
0.861670 6
1.680294 6
0.657279 6
0.188365 6
0.158679 6
0.711809 6
0.430220 6
1.287052 6
0.002908 11
0.166744 21
0.283381 21
0.879849 27
0.002348 29
0.947447 28
0.000133 3
0.000199 1134
0.000047 1
0.000760 29
1.500612 21
0.315054 294
0.002932 115
0.773136 19
0.159585 19
0.195850 19
0.499273 19
0.029396 19
0.029727 19
0.030450 19
0.030312 19
0.031059 19
0.029208 19
0.030086 19
0.030057 19
0.030896 19
0.030004 19
0.128138 19
0.263750 19
0.003902 55
0.543335 21
0.003716 42
0.066617 6
0.135059 6
0.118232 227
0.345675 1
0.003300 52
0.181466 6
0.981490 6
0.130307 215
0.496447 3
0.003591 50
0.716859 6
0.562310 6
0.562440 6
0.004182 11
0.218559 21
0.351963 330
1.594247 7
0.003941 15
0.002540 6
0.000336 69
0.002817 72
0.000006 55
0.000512 133
0.017358 64
0.000016 4
0.200131 52
0.383141 160
0.413987 160
0.588749 160
0.701120 160
0.719535 160
0.764520 160
0.807342 160
0.838900 160
0.828101 160
0.834225 160
0.867192 160
0.850982 160
0.821542 160
0.846483 160
0.843720 160
0.845245 160
0.854048 160
0.765740 160
0.928454 160
0.809104 160
0.750810 160
0.706182 160
0.708041 160
0.696270 160
0.765359 160
0.795227 160
0.811998 160
0.798465 160
0.827272 160
0.715470 160
0.794017 160
0.810467 160
0.825066 160
0.755830 160
0.731604 160
0.779534 160
0.712261 160
0.683742 160
0.779967 160
0.718697 160
0.848800 160
0.766923 160
0.701465 160
0.768550 160
0.809695 160
0.803451 160
0.812346 160
0.805223 160
0.812902 160
0.856958 160
0.858586 160
0.878964 160
0.994575 160
1.367136 160
1.873659 160
2.423113 160
1.357652 160
2.549975 160
1.417710 160
1.613961 160
0.878616 160
0.751003 160
0.715475 160
0.707010 160
0.702233 160
0.793302 160
0.839262 160
0.828769 160
0.839347 160
0.718835 160
0.793282 160
0.798243 160
0.825540 160
0.828250 160
0.830965 160
0.740476 160
0.726041 160
0.815435 160
0.868797 160
0.954882 160
0.810094 160
0.974317 160
1.090438 160
1.180431 160
1.091453 160
1.221149 160
1.963077 160
1.723184 160
2.073804 160
2.108311 160
1.284445 160
0.930322 160
0.278229 162
0.380162 168
0.824571 168
0.900954 168
0.833875 168
0.963811 168
0.984564 168
1.169835 168
1.437264 168
0.192431 226
0.000372 129
0.000243 66
0.003077 57
0.014657 19
0.000933 470
0.000042 7
0.000404 8
9.683344 1
0.003010 20
0.000190 71
0.186200 245
0.001898 27
0.000167 58
0.126816 25
0.392487 42
0.000279 30
0.001518 49
0.139096 18
0.001710 19
0.893871 6
0.002106 11
0.252163 21
0.482591 21
0.158394 21
0.766381 21
0.041573 21
0.394385 21
2.050092 21
0.231881 21
0.558709 21
0.269401 21
0.269719 21
0.216290 21
0.002355 18
0.353398 6
0.002851 11
0.559834 21
0.242089 44
0.002609 47
1.036120 21
0.248966 21
0.503450 55
0.914847 20
0.003088 22
0.332301 18
0.003168 19
0.149692 6
0.258394 6
0.726533 6
1.254889 187
0.000737 182
2.250037 6
0.855714 6
0.092868 48
0.306196 3
0.003774 24
0.105264 6
0.209463 6
0.709203 34
0.471638 3
0.003661 20
0.135917 6
0.614876 6
0.114760 6
0.048547 6
0.207586 6
0.478949 7
0.000117 8
0.002549 3
0.000247 59
0.079131 64
0.010734 64
0.001775 129
0.000185 66
0.002721 57
0.013512 19
0.000742 371
0.000085 7
0.000375 8
3.364818 1
0.002942 20
0.000193 79
0.175725 293
0.001714 27
0.000171 28
0.114109 25
0.003229 42
0.148670 30
0.001758 70
0.247534 31
0.001801 33
1.882652 64
0.003566 20
0.000185 35
0.116343 30
0.826787 30
0.061316 30
1.337097 30
0.002142 60
1.059260 18
0.002360 19
0.606182 6
0.597029 6
0.570736 6
0.218857 6
0.003603 11
0.222686 21
0.529019 120
1.407254 7
0.003105 7
0.000103 8
0.002481 3
0.000327 41
0.092018 33
0.510902 1
0.667433 3
1.041997 1
0.277325 1
0.393934 1
0.362801 1
0.418139 1
0.295571 1
0.182497 1
0.102011 1
0.128735 1
0.089706 1
0.117451 1
0.810225 35
0.068323 129
0.000157 66
0.002960 57
0.014984 19
0.000870 466
0.000080 7
0.000483 8
2.737817 1
0.001976 12
0.000202 40
0.564787 18
0.003694 32
0.626318 42
0.003401 38
0.316273 21
1.496810 21
0.331468 128
2.358728 7
0.001796 7
0.000101 8
0.001211 3
0.000299 38
0.065983 38
0.000557 49
0.000706 49
0.001192 38
0.000451 129
0.000205 46
0.000025 20
0.002804 57
0.014088 19
0.000721 344
0.000012 27
0.000063 7
0.000357 8
1.282151 1
0.003212 20
0.000246 87
0.224620 245
0.002031 27
0.000169 14
0.203871 25
0.003135 42
0.085924 30
0.001864 49
0.516178 7
0.000103 8
0.001244 3
0.002142 18
