0.032688 299
0.095359 6
0.000091 29
0.001093 73
0.000169 163
0.001002 300
0.000064 7
0.000333 6
0.000064 8
3.645685 1
0.000219 3
0.000205 1
0.000228 1
0.000217 2
0.000222 1
0.000402 2
0.000222 1
0.000208 1
0.000212 1
0.000193 1
0.000192 1
0.000195 1
0.000192 1
0.000196 1
0.000199 1
0.000191 1
0.000192 1
0.000190 1
0.000197 1
0.000199 1
0.000190 1
0.000188 1
0.000194 1
0.000205 1
0.000199 1
0.000201 2
0.000187 1
0.000197 2
0.000228 1
0.000187 1
0.000203 1
0.000201 1
0.000207 1
0.000209 1
0.000213 2
0.000202 1
0.000201 1
0.000197 1
0.000205 1
0.000184 1
0.000192 1
0.000191 1
0.000190 1
0.000196 1
0.000207 2
0.000188 1
0.000198 2
0.000193 1
0.000199 1
0.000195 1
0.000201 1
0.000192 1
0.000197 1
0.000196 1
0.000190 1
0.000763 1
0.000176 330
1.323709 389
0.003494 379
0.471968 7
0.000102 8
0.002593 81
0.000107 54
0.000146 104
0.000090 34
0.002348 39
0.014041 19
0.000699 300
0.000047 7
0.000373 8
3.479390 1
0.000226 3
0.000218 1
0.000210 1
0.000213 2
0.000236 1
0.000423 2
0.000234 1
0.000220 1
0.000208 1
0.000188 1
0.000191 1
0.000214 1
0.000199 1
0.000194 1
0.000188 1
0.000194 1
0.000197 1
0.000208 1
0.000211 2
0.000195 1
0.000199 1
0.000200 1
0.000197 1
0.000189 1
0.000189 1
0.000190 1
0.000191 1
0.000203 1
0.000194 1
0.000186 1
0.000195 1
0.000188 1
0.000213 2
0.000193 1
0.000198 1
0.000193 1
0.000192 1
0.000203 1
0.000189 1
0.000192 1
0.000203 1
0.000211 2
0.000210 1
0.000198 1
0.000201 1
0.000187 1
0.000196 1
0.000207 1
0.000191 1
0.000188 1
0.000190 1
0.000194 1
0.000194 1
0.000197 1
0.000190 1
0.000190 1
0.000207 2
0.000205 1
0.000206 1
0.000192 1
0.000191 1
0.000188 1
0.000194 1
0.000196 1
0.000186 1
0.000192 1
0.000217 5
0.000209 6
0.000204 1
0.000194 3
0.000195 1
0.000192 1
0.000201 1
0.000197 1
0.000198 1
0.000194 1
0.000196 1
0.000852 1
0.000172 444
0.885517 520
0.003661 515
0.537364 7
0.000140 8
0.002647 3
0.000254 94
0.000128 104
0.000067 34
0.002263 39
0.013949 19
0.000679 300
0.000070 7
0.000363 8
4.744424 1
0.000215 3
0.000223 1
0.000247 1
0.000215 2
0.000218 1
0.000417 2
0.000234 1
0.000203 1
0.000203 1
0.000190 1
0.000196 1
0.000210 1
0.000211 1
0.000199 1
0.000192 1
0.000191 1
0.000215 1
0.000208 2
0.000191 1
0.000196 1
0.000194 1
0.000213 1
0.000193 1
0.000194 1
0.000190 1
0.000195 1
0.000225 2
0.000205 1
0.000209 1
0.000195 1
0.000188 1
0.000203 1
0.000219 1
0.000205 1
0.000198 1
0.000187 1
0.000210 1
0.000196 1
0.000203 1
0.000204 1
0.000216 1
0.000218 2
0.000193 1
0.000197 1
0.000201 1
0.000226 1
0.000215 1
0.000196 1
0.000191 1
0.000191 1
0.000200 1
0.000214 2
0.000193 1
0.000203 1
0.000199 1
0.000205 1
0.000197 1
0.000187 1
0.000192 1
0.000196 1
0.000199 1
0.000200 1
0.000952 1
0.000161 360
0.709285 425
0.003505 415
0.000152 7
0.000117 8
0.002354 3
0.000269 84
0.000082 57
0.000147 104
0.000048 34
0.002669 39
0.013191 19
0.000663 300
0.000057 7
0.000366 8
5.250428 1
0.000239 3
0.000237 1
0.000245 1
0.000412 2
0.000238 1
0.000222 1
0.000208 1
0.000198 1
0.000226 1
0.000209 2
0.000189 1
0.000214 2
0.000208 1
0.000195 1
0.000215 1
0.000189 1
0.000196 1
0.000206 2
0.000199 1
0.000204 1
0.000201 1
0.000195 1
0.000208 2
0.000206 1
0.000205 1
0.000195 1
0.000195 1
0.000192 1
0.000201 2
0.000203 1
0.000192 1
0.000198 1
0.000193 1
0.000209 2
0.000208 1
0.000196 1
0.000189 1
0.000193 1
0.000192 1
0.000208 2
0.000189 1
0.000192 1
0.000208 1
0.000818 1
0.000163 275
0.911132 323
0.007845 328
0.000125 7
0.000092 8
0.006373 3
0.000233 67
0.003920 47
0.000134 104
0.000155 34
0.002514 39
0.014813 19
0.000648 300
0.000062 7
0.000380 8
3.362666 1
0.000314 3
0.000287 1
0.000267 1
0.000490 2
0.000252 1
0.000248 1
0.000237 1
0.000256 2
0.000227 1
0.000223 1
0.000223 1
0.000311 2
0.000259 1
0.000250 1
0.000226 2
0.000220 1
0.000230 2
0.000214 1
0.000212 1
0.000212 1
0.000225 1
0.000206 1
0.000217 2
0.000207 1
0.000212 1
0.000213 1
0.000216 1
0.000213 1
0.000211 1
0.000225 1
0.000241 1
0.000253 1
0.000967 1
0.000174 210
0.768623 245
0.004287 215
0.000120 7
0.000090 8
0.003574 3
0.000285 54
0.001559 26
0.000117 104
0.000103 34
0.002172 39
0.013742 19
0.000675 300
0.000061 7
0.000358 8
3.880062 1
0.000232 3
0.000273 1
0.000239 2
0.000473 2
0.000447 1
0.000234 1
0.000213 1
0.000211 1
0.000228 1
0.000188 2
0.000196 1
0.000187 1
0.000930 1
0.000172 95
0.632892 107
0.004489 93
0.000153 7
0.000110 8
0.003645 3
0.000249 30
0.002686 210
0.000280 104
0.000113 34
0.002330 39
0.014458 19
0.000661 300
0.000074 7
0.000375 8
3.715371 1
0.000213 3
0.000240 1
0.000217 2
0.000406 2
0.000410 1
0.000199 1
0.000201 1
0.000200 1
0.000192 1
0.000226 2
0.000194 1
0.000192 1
0.000834 1
0.000179 95
0.642073 107
0.004703 93
0.000125 7
0.000113 8
0.003171 3
0.000264 30
0.002742 212
0.000237 104
0.000117 34
0.002347 39
0.014311 19
0.000680 300
0.000061 7
0.000347 8
3.525365 1
0.000270 3
0.000279 1
0.000296 2
0.000330 2
0.000235 1
0.000215 1
0.000843 1
0.000177 60
0.707562 65
0.003028 32
0.000130 7
0.000101 8
0.002173 3
0.000265 23
0.001537 212
0.000247 104
0.000121 34
0.002465 39
0.014331 19
0.000699 300
0.000050 7
0.000345 8
1.479345 2
0.002926 21
0.206047 32
0.113130 44
0.286905 32
0.112915 32
0.226984 32
0.099978 32
0.534678 33
0.500120 33
0.030699 33
0.030563 33
0.029408 45
0.030279 33
0.029504 12
0.449804 1
0.002517 20
0.166344 30
0.138660 41
0.504345 30
0.737512 30
0.169592 30
0.336736 30
0.002116 82
0.752228 7
0.000107 8
0.001379 3
0.000267 28
0.000167 621
0.000113 104
0.000034 34
0.002425 39
0.014159 19
0.000651 300
0.000057 7
0.000361 8
2.020512 1
0.001700 12
0.220972 18
0.002649 19
0.674320 7
0.000111 8
0.001253 3
0.000207 104
0.000065 34
0.002482 39
0.013584 19
0.000675 340
0.000055 7
0.002841 243
0.391631 7
0.000116 8
0.002226 3
0.000243 54
0.000082 30
0.000102 104
0.000078 34
0.002439 39
0.013714 19
0.000815 300
0.000091 7
0.000387 8
0.532488 1
0.001843 12
0.610182 18
0.003214 19
0.851693 7
0.000096 8
0.001318 3
0.000219 104
0.000091 34
0.002415 39
0.013737 19
0.000915 326
0.000075 7
0.002756 159
0.810033 7
0.000135 8
0.002146 3
0.000200 40
0.000117 17
0.000113 104
0.000057 34
0.002435 39
0.013350 19
0.000686 300
0.000031 7
0.000427 8
0.857859 1
0.001971 12
0.350608 18
0.003211 19
0.842568 7
0.000095 8
0.001316 3
0.000282 104
0.000071 34
0.002920 39
0.014256 19
0.000683 353
0.000058 7
0.002895 321
0.493057 1
0.501032 1
0.029015 1
0.030093 1
0.029919 1
0.031245 1
0.030583 1
0.030309 1
0.029470 1
0.030393 1
0.030803 1
0.030307 1
0.029548 1
0.031544 1
0.031025 1
0.029304 1
0.030886 1
0.030420 1
0.030380 1
0.030098 1
0.030629 1
0.029664 1
0.030140 1
0.031211 1
0.030718 1
0.030117 1
0.030453 1
0.030324 1
0.031059 1
0.031566 1
0.030369 1
0.030988 1
0.030394 1
0.031009 1
0.771067 221
0.051842 220
0.611688 7
0.000159 8
0.002558 3
0.000286 67
0.000093 43
0.000097 104
0.000068 34
0.002527 39
0.013260 19
0.000653 300
0.000056 7
0.000351 8
4.943374 1
0.002881 20
0.097517 30
0.185893 41
0.001800 38
0.134379 18
0.001782 19
0.458293 1
0.276237 1
0.085093 1
0.116971 1
0.603281 1
0.199440 1
0.592529 7
0.000059 8
0.001656 3
0.000260 23
0.011332 25
0.012791 791
1.271946 28
0.001260 104
0.000126 34
0.002733 39
0.014125 19
0.000681 300
0.000061 7
0.000358 8
2.052822 1
0.002957 20
0.000155 43
0.108606 30
0.130963 41
0.001712 38
1.093467 18
0.001694 19
0.287206 41
0.231065 1
0.170662 1
0.161246 1
0.102827 1
0.155666 1
0.600034 1
0.378876 1
0.521317 7
0.000062 8
0.002059 3
0.000257 25
0.006870 80
0.000589 104
0.000153 34
0.002459 39
0.015010 19
0.000713 304
0.000081 7
0.000395 8
3.587606 1
0.002930 20
0.000169 46
0.123195 30
0.135590 41
0.002003 38
0.217917 18
0.001734 19
0.242822 55
0.213660 1
1.040336 1
0.346279 1
0.239100 1
0.154124 1
0.048545 1
0.425427 1
0.256825 1
0.591576 7
0.000083 8
0.002078 3
0.000250 26
0.012609 46
0.002880 104
0.000148 34
0.002316 39
0.013465 19
0.000672 300
0.000083 7
0.000356 8
1.853421 1
0.002693 20
0.395784 30
0.341370 41
0.096852 30
0.001747 49
0.124963 18
0.001619 19
0.650327 1
0.312742 1
0.094743 1
0.154938 1
0.466176 1
0.254875 1
0.203636 7
0.000077 8
0.001636 3
0.000254 25
0.002046 222
0.005361 135
0.000188 879
0.000012 311
0.000035 6
1.286452 84
0.000750 104
0.000203 34
0.002484 39
0.013860 19
0.000675 300
0.000063 7
0.000359 8
2.161337 1
0.001991 12
0.117426 18
0.002796 31
0.067086 41
0.323148 30
0.125988 30
1.043958 30
0.001952 71
1.029035 18
0.001661 19
0.275243 1
0.252075 1
0.090305 1
0.106830 1
0.570667 1
0.200724 1
0.429004 7
0.000104 8
0.001642 3
0.000265 29
0.004017 46
0.000473 104
0.000133 34
0.002620 39
0.013976 19
0.000677 300
0.000069 7
0.000412 8
2.516996 1
0.003172 20
0.000189 47
0.136721 101
0.508904 41
0.132661 30
0.226841 30
0.001693 60
1.408628 18
0.001702 19
3.885763 1
0.064087 1
0.193290 1
0.076318 1
0.120058 1
0.915733 7
0.000104 8
0.002143 3
0.000273 26
0.001896 104
0.000125 34
0.002386 39
0.014131 19
0.000849 300
0.000088 7
0.000389 8
6.302569 1
0.002902 20
0.000167 43
0.174348 82
0.001851 27
0.520744 25
0.001804 26
1.261257 1
0.002265 11
0.050678 16
0.180362 16
0.111301 16
0.118610 16
0.661386 7
0.000126 8
0.001631 3
0.000297 20
0.000207 104
0.000070 46
0.002608 45
0.014128 29
0.000712 359
0.000061 7
0.000372 8
1.975455 1
0.003042 20
0.195648 30
0.277603 41
0.001869 38
0.479465 7
0.000092 8
0.001248 3
0.000267 16
0.000074 18
0.000111 104
0.000073 46
0.002476 45
0.013360 19
0.000751 359
0.000039 7
0.000385 8
1.419491 1
0.003101 20
0.000163 44
0.185301 30
0.001632 27
0.197035 25
0.001708 26
0.192062 34
0.002250 11
0.144857 16
0.638581 7
0.000079 8
0.001674 3
0.000277 17
0.000271 104
0.000069 34
0.002859 39
0.013385 19
0.000685 300
0.000081 7
0.000337 8
0.686838 1
0.002831 20
0.000137 34
0.230440 30
0.211931 41
0.002015 38
1.458295 15
0.000985 3
0.000240 16
0.000047 12
0.000144 104
0.000077 34
0.002379 39
0.013950 19
0.000657 300
0.000065 7
0.000390 8
1.402913 1
0.003307 20
0.000163 38
0.178167 30
0.001727 27
0.124864 25
0.001990 26
0.185316 13
0.002329 11
0.000159 18
0.079799 21
0.194459 21
0.141318 21
0.037683 21
1.341202 7
0.000116 8
0.001915 23
0.000133 104
0.000079 46
0.002570 45
0.013500 19
0.000933 359
0.000134 7
0.000420 8
0.714799 1
0.002846 20
0.000225 34
0.189010 30
0.189390 41
0.001721 38
1.236619 7
0.000088 8
0.001235 3
0.000274 16
0.000027 18
0.000165 104
0.000108 46
0.002573 45
0.013618 19
0.000717 359
0.000066 7
0.000404 8
1.627630 1
0.003188 20
0.000151 44
0.201709 30
0.001563 27
0.091302 25
0.001742 26
0.282373 34
0.002275 11
0.000124 12
0.601531 21
1.396296 7
0.000062 8
0.001699 3
0.000260 17
0.000170 104
0.000065 34
0.002461 39
0.013823 19
0.000682 300
0.000063 7
0.000373 8
1.216713 1
0.001810 12
0.000189 39
0.141808 18
0.003279 31
0.343192 106
0.001916 38
0.200127 18
0.001547 19
1.566256 1
0.655369 1
0.161742 1
0.002611 12
0.238046 18
1.376127 18
0.002623 19
0.135477 1
0.131791 1
0.888183 7
0.000105 8
0.002116 3
0.000214 24
0.001862 3
0.000269 104
0.000156 34
0.002311 39
0.014265 19
0.000680 300
0.000071 7
0.000397 8
2.063114 1
0.001705 12
0.000168 37
0.115467 18
0.003199 31
0.173555 41
0.001732 38
0.616214 52
0.001148 7
0.000069 8
0.001226 3
0.000220 16
0.001597 165
0.000008 80
0.000259 104
0.000120 34
0.002341 39
0.014386 19
0.000685 300
0.000070 7
0.000371 8
1.887905 1
0.002765 20
0.000172 87
0.457451 30
0.096973 41
0.199572 30
0.001978 49
0.934500 18
0.001519 19
1.170762 293
1.244234 1
0.329012 3
0.193010 1
0.320064 1
0.379813 1
0.124328 1
0.706844 7
0.000098 8
0.001589 3
0.000230 24
0.000233 120
0.000050 34
0.002783 39
0.013933 19
0.000694 300
0.000044 7
0.000394 8
3.454206 1
0.002840 20
0.000166 43
0.368266 30
0.096726 41
0.198334 30
0.001554 49
0.643224 42
0.001099 7
0.000091 8
0.001312 3
0.000196 18
0.000076 2
0.000089 104
0.000065 34
0.002640 39
0.013408 19
0.000846 273
0.000006 27
0.000074 7
0.000359 8
1.511302 1
0.002903 20
0.000157 36
0.196370 30
0.092685 41
0.189774 30
0.001669 49
0.206797 18
0.001888 19
0.000163 20
0.723337 34
0.088725 1
0.179133 1
0.129237 1
0.130711 1
0.266691 7
0.000092 8
0.001609 3
0.000244 24
0.000131 7
0.000107 104
0.000081 34
0.002489 39
0.014103 19
0.000904 300
0.000087 7
0.000538 8
0.855433 1
0.003114 20
0.000167 43
0.230346 30
0.103349 41
0.199828 30
0.001896 49
0.157238 18
0.001962 19
0.746019 34
0.281603 1
0.667859 1
0.479396 1
0.234092 1
1.280533 7
0.000094 8
0.001625 3
0.000326 24
0.000143 7
0.000108 104
0.000111 34
0.002423 39
0.014041 19
0.000665 300
0.000053 7
0.000379 8
0.436105 1
0.003007 20
0.000147 43
0.222201 30
0.757596 41
0.707203 30
0.001772 49
0.125234 18
0.001755 19
1.051343 6
1.198305 27
0.209277 1
0.135943 1
0.163104 1
1.029589 1
1.084465 1
0.509046 3
0.251202 1
0.190662 1
0.614012 1
0.169377 1
0.391083 1
0.182600 1
2.161699 7
0.000104 8
0.001961 3
0.000238 31
0.000081 14
0.000102 104
0.000079 34
0.002725 39
0.014596 19
0.000671 300
0.000070 7
0.000364 8
2.364897 1
0.003049 11
0.728521 16
0.002875 41
0.397787 41
0.114973 30
0.393439 30
0.158471 30
0.001865 71
0.094707 18
0.002116 19
1.208257 1
0.117777 1
0.296297 1
0.134763 1
0.167692 1
0.520779 7
0.000089 8
0.001606 3
0.000266 28
0.001332 248
0.000299 104
0.000139 34
0.002211 39
0.013415 19
0.000760 300
0.000097 7
0.000388 8
1.936151 1
0.002768 20
0.000165 51
0.227331 30
0.096890 41
1.160389 30
0.001899 49
0.695451 95
0.003021 64
0.070597 30
0.193430 30
0.122412 30
0.160800 30
0.492097 7
0.000107 8
0.001399 3
0.000266 28
0.000776 35
0.000416 104
0.000119 34
0.002338 39
0.014224 19
0.000752 304
0.000064 7
0.000438 8
1.183130 1
0.003409 20
0.000225 42
0.482375 63
0.140084 1
0.003337 20
0.296052 30
0.160574 41
0.191151 30
0.326427 30
0.001860 31
0.320088 1
0.086764 1
0.230743 1
0.110123 1
0.160811 1
0.319755 7
0.000112 8
0.001744 3
0.000364 24
0.000652 30
0.000461 104
0.000114 34
0.002162 39
0.013773 19
0.000747 304
0.000056 7
0.000369 8
2.901893 1
0.002947 20
0.000167 42
0.218936 30
0.104990 41
0.263686 30
0.001704 49
0.208614 46
0.001684 19
0.000185 27
0.866203 77
0.002109 62
0.444052 6
1.070515 6
0.648021 6
0.002902 12
0.766215 281
1.911903 18
0.573620 18
0.117164 18
0.167907 18
1.700284 18
0.003000 12
0.742281 18
0.002957 19
0.855681 18
0.255715 18
0.175044 18
0.248097 18
0.268496 18
0.559447 18
2.155987 7
0.000100 8
0.002186 3
0.000272 36
0.000080 14
0.000119 104
0.000114 34
0.002890 39
0.013887 19
0.000687 300
0.000067 7
0.000363 8
2.025583 1
0.003116 11
0.000145 37
0.099233 86
0.218241 22
0.003475 57
0.116340 30
0.420067 32
0.122510 43
0.002162 35
0.118138 19
0.002413 37
0.112847 86
0.003280 41
0.636810 32
0.002081 20
0.000158 37
0.133273 21
0.003380 41
0.284512 41
0.123087 30
0.073277 30
0.133955 30
0.001881 71
0.090279 18
0.001544 19
2.166606 34
0.002495 12
0.605174 18
0.200092 18
0.548433 20
0.076902 18
0.383774 18
0.139967 18
0.527462 18
0.385938 18
0.729234 18
0.002602 19
1.410824 1
0.003195 11
0.070262 16
0.003198 41
0.166026 30
0.126512 30
0.096359 30
0.146578 30
0.003106 71
0.604301 18
0.002860 19
0.618437 1
0.003620 12
0.555478 18
0.175433 18
0.086909 18
1.277293 18
0.118641 18
0.300382 18
1.935360 7
0.000118 8
0.002979 3
0.000261 46
0.001253 255
0.001077 255
0.000233 104
0.000111 34
0.002048 39
0.013752 19
0.000668 300
0.000049 7
0.000398 8
3.569871 1
0.003185 20
0.000151 45
0.052689 88
0.003070 26
0.149741 41
0.001957 38
1.093626 18
0.001619 19
0.490685 58
0.229796 1
0.092584 1
0.103269 1
0.082776 1
1.125693 7
0.000061 8
0.001653 3
0.000271 22
0.011342 25
0.012049 890
1.612049 143
0.000009 121
0.007330 258
0.007778 412
0.007698 346
0.000012 78
0.007825 358
0.000009 78
0.007835 452
0.000012 127
0.007853 406
0.007661 381
0.007809 430
0.007839 298
0.007754 495
0.007960 360
0.007566 238
0.007741 264
0.007893 362
0.007790 111
0.007738 318
0.007775 119
0.007916 119
0.007791 119
0.412993 119
0.007648 357
0.007634 238
0.007939 357
0.007753 238
0.007775 357
0.007736 357
0.007765 238
0.007897 239
0.000008 119
0.007763 238
0.007764 238
0.007719 238
0.007837 119
0.015560 119
0.194730 238
0.007740 238
0.007801 238
0.000029 119
0.007715 152
0.000010 205
0.007776 357
0.007839 271
0.000009 86
0.007771 357
0.007722 357
0.007818 238
0.007721 238
0.007869 238
0.000017 119
0.007779 152
0.000007 86
0.147949 28
0.001361 104
0.000141 34
0.002668 39
0.013348 19
0.000681 300
0.000063 7
0.000370 8
1.867896 1
0.003187 20
0.315068 12
0.183018 1
0.003037 20
0.000160 42
0.074974 30
0.116330 41
0.001799 38
0.105513 18
0.001823 19
0.719520 34
0.002134 22
0.230764 55
0.509788 1
0.374809 1
0.291051 1
0.083368 1
0.082487 1
0.104096 1
0.570789 7
0.000061 8
0.001982 3
0.000326 25
0.011122 25
0.012753 890
0.896230 110
0.007706 154
0.000025 148
0.007647 110
0.000008 147
0.007781 155
0.000007 110
0.007749 149
0.000016 33
0.000008 131
0.007800 111
0.007950 158
0.000050 167
0.007649 111
0.000008 157
0.007714 151
0.007786 111
0.007813 160
0.007888 111
0.007652 135
0.015623 160
0.007849 111
0.007870 125
0.007752 145
0.007764 111
0.007740 133
0.007761 33
0.000007 153
0.007839 187
0.210365 111
0.007954 161
0.000009 157
0.007553 210
0.000022 156
0.007621 282
0.000007 127
0.007925 264
0.008388 33
0.000043 329
0.007106 309
0.007750 239
0.007783 238
0.007771 238
0.007854 238
0.007767 238
0.007744 238
0.007829 119
0.007843 238
0.007825 119
0.007739 119
0.007778 119
0.202793 238
0.007524 238
0.007713 238
0.007803 238
0.000010 119
0.007716 238
0.007730 238
0.007937 238
0.007721 238
0.007776 238
0.007781 119
0.163951 134
0.007289 183
0.000008 134
0.000014 33
0.000006 141
0.008005 504
0.007634 315
0.000014 187
0.007992 307
0.000029 350
0.007455 484
0.000024 134
0.008066 205
0.000009 145
0.000009 134
0.000027 212
0.000054 139
0.007681 303
0.000008 175
0.000023 134
0.007842 562
0.000007 134
0.007740 497
0.000037 175
0.007706 192
0.000010 90
0.000009 172
0.007407 145
0.000006 133
0.000005 33
0.000026 196
0.007731 150
0.000005 83
0.007990 232
0.505549 28
0.001364 104
0.000173 34
0.002497 39
0.013611 19
0.000681 300
0.000067 7
0.000369 8
1.679518 1
0.003284 20
0.156901 30
0.079329 41
0.105174 30
0.093596 30
0.001877 60
0.088999 18
0.001868 19
1.115376 1
0.229709 1
1.728050 7
0.000084 8
0.001541 3
0.000273 23
0.001377 18
0.000264 104
0.000109 34
0.002333 39
0.013991 19
0.000659 300
0.000064 7
0.000370 8
1.475232 8
0.002064 43
0.224405 3
0.002337 12
0.462892 6
1.068021 7
0.000079 8
0.001516 3
0.000253 23
0.001424 11
0.000263 104
0.000161 34
0.002694 39
0.014039 19
0.000678 300
0.000078 7
0.000361 8
0.597725 8
0.001895 43
0.263191 3
0.002273 12
0.118936 6
0.635458 7
0.000094 8
0.001550 3
0.000280 23
0.001519 18
0.000250 104
0.000140 34
0.002398 39
0.013557 19
0.000666 300
0.000061 7
0.000375 8
0.589252 8
0.002001 43
1.098569 3
0.002445 12
0.562853 6
0.495802 7
0.000058 8
0.001560 3
0.000264 23
0.001536 8
0.000263 104
0.000126 34
0.002283 39
0.014007 19
0.000675 300
0.000074 7
0.000411 8
3.360583 1
0.001695 12
0.211897 18
0.003270 31
0.094237 41
0.094736 30
0.001887 49
0.105109 18
0.001806 19
2.773949 1
0.871671 1
0.002547 12
1.623552 18
1.094605 18
0.242107 18
2.482980 18
0.330278 18
1.368171 18
0.487508 18
0.492951 18
1.405457 18
0.570771 20
0.245207 18
2.894740 7
0.000068 8
0.001868 3
0.000427 30
0.001237 10
0.000231 104
0.000122 34
0.002192 39
0.013586 19
0.000683 300
0.000074 7
0.000375 8
3.519008 16
0.002527 103
1.613092 1
0.314090 18
0.678737 18
0.901442 18
1.187204 18
2.266240 18
0.289740 18
1.392239 18
1.996701 18
0.457864 18
3.106190 7
0.000112 8
0.002004 3
0.000235 39
0.001477 19
0.000275 104
0.000112 34
0.002266 39
0.014042 19
0.000762 300
0.000054 7
0.000397 8
2.636243 1
0.002887 20
0.000167 56
0.208950 30
0.495940 41
0.099907 30
0.001709 49
0.678995 132
0.002077 42
0.000158 34
0.146742 161
0.002193 35
0.130308 156
0.002202 56
0.131030 142
4.605144 1
0.000245 3
0.000274 1
0.000251 1
0.000228 2
0.000211 1
0.000478 2
0.000270 1
0.000219 1
0.000205 1
0.000196 1
0.000195 1
0.000199 1
0.000202 2
0.000203 1
0.000212 1
0.000210 1
0.000208 1
0.000198 1
0.000210 1
0.000218 1
0.000197 1
0.000202 1
0.000194 1
0.000194 1
0.000222 2
0.000192 1
0.000195 1
0.000196 1
0.000192 1
0.000233 1
0.000224 1
0.000225 2
0.000207 1
0.000213 1
0.000238 1
0.000240 1
0.000199 1
0.000290 2
0.000211 1
0.000212 1
0.000196 1
0.000197 1
0.000203 1
0.000199 1
0.000201 1
0.000192 1
0.000214 1
0.000220 2
0.000205 3
0.000204 2
0.000197 2
0.000196 2
0.000221 2
0.000200 2
0.000199 2
0.000209 3
0.000195 2
0.000212 2
0.000207 2
0.000197 2
0.000874 1
0.000242 377
1.035001 443
0.008038 380
0.000151 7
0.000101 8
0.007125 3
0.000233 22
0.003488 50
0.000135 104
0.000143 34
0.002745 39
0.013635 19
0.000698 300
0.000063 7
0.000358 8
3.794066 1
0.000258 4
0.000249 1
0.000235 1
0.000298 1
0.000417 2
0.000331 1
0.000337 1
0.000429 1
0.000275 2
0.000213 1
0.000203 1
0.000219 1
0.000200 2
0.000198 1
0.000195 1
0.000196 1
0.000215 1
0.000196 1
0.000379 1
0.000219 2
0.000218 1
0.000252 1
0.000204 1
0.000210 2
0.000214 1
0.000218 1
0.000241 1
0.000199 1
0.000199 1
0.000213 1
0.000204 1
0.000341 1
0.000637 1
0.000436 2
0.000240 2
0.000489 1
0.000252 1
0.000292 1
0.000265 1
0.000203 1
0.000197 1
0.000196 1
0.000217 1
0.000205 1
0.001001 1
0.000234 280
0.731077 329
0.006211 196
0.000145 7
0.000103 8
0.004659 3
0.000238 66
0.001453 4
0.001082 9
0.001191 10
0.000260 104
0.000135 34
0.002699 39
0.014068 19
0.000686 300
0.000059 7
0.000363 8
5.471764 1
0.000241 3
0.000235 1
0.000468 2
0.000502 1
0.000332 2
0.000347 1
0.000363 1
0.000364 2
0.000344 1
0.000599 2
0.000436 1
0.000259 1
0.000279 1
0.000309 1
0.000219 1
0.000221 2
0.000196 1
0.000198 1
0.000201 2
0.000211 1
0.000263 2
0.000207 1
0.000199 1
0.000204 2
0.000231 1
0.000198 1
0.000197 1
0.000190 1
0.000207 1
0.001009 1
0.000262 205
1.023160 239
0.006029 185
0.000133 7
0.000085 8
0.004627 3
0.000286 52
0.001484 213
0.002983 186
0.000007 24
0.000264 104
0.000166 34
0.002659 39
0.013716 19
0.000725 300
0.000072 7
0.000355 8
4.481273 1
0.000226 3
0.000225 1
0.000234 2
0.000315 1
0.000265 1
0.001004 1
0.000234 49
1.433059 52
0.002647 31
0.000143 7
0.000114 8
0.001596 3
0.000245 21
0.001493 1034
0.000008 204
0.000005 198
0.000024 204
0.000008 812
0.000279 104
0.000099 34
0.002732 39
0.014857 19
0.000658 300
0.000061 7
0.000370 8
4.588464 1
0.000255 3
0.000219 1
0.000229 1
0.000239 2
0.000255 1
0.000430 2
0.000301 1
0.000298 1
0.000946 1
0.000282 70
0.732236 77
0.003036 38
0.000127 7
0.000075 8
0.002019 3
0.000225 26
0.001490 687
0.000006 331
0.000005 234
0.000014 420
0.000004 156
0.000005 156
0.000258 104
0.000105 34
0.002390 39
0.013760 19
0.000699 300
0.000059 7
0.000366 8
4.009148 1
0.000338 3
0.000337 1
0.000332 1
0.000263 2
0.000239 1
0.000252 2
0.000246 1
0.000228 1
0.000837 1
0.000222 70
0.636987 77
0.002908 38
0.000132 7
0.000104 8
0.001843 3
0.000235 26
0.001531 1174
0.000009 420
0.000006 234
0.000015 156
0.000327 104
0.000138 34
0.002309 39
0.014565 19
0.000816 300
0.000095 7
0.000487 8
4.890139 1
0.000287 3
0.000240 1
0.000230 1
0.000234 2
0.000222 1
0.000862 1
0.000217 49
0.697687 52
0.002612 37
0.000156 7
0.000089 8
0.001602 3
0.000237 22
0.001357 5
0.000211 104
0.000110 34
0.002262 39
0.013241 19
0.000680 300
0.000065 7
0.000378 8
5.309129 1
0.003384 20
0.000159 44
0.205246 30
0.097239 41
0.001704 38
0.140280 18
0.001679 19
0.993354 6
0.099527 6
0.113268 6
0.179456 6
0.170983 1
0.386938 1
0.088634 1
0.131819 1
0.394058 1
1.153683 7
0.000128 8
0.002011 3
0.000272 26
0.001538 56
0.000303 104
0.000169 34
0.002739 39
0.014029 19
0.000710 304
0.000030 7
0.000374 8
14.228665 1
0.002896 20
0.000166 47
0.663571 92
0.002382 37
0.492247 3
0.003074 12
0.142292 10
0.002859 14
0.118282 17
0.002814 16
0.137425 24
0.002685 18
0.255143 29
0.002293 20
0.497851 34
0.378292 1
0.176869 1
0.002958 20
0.187598 30
0.088678 30
0.002633 38
0.127708 18
0.002801 19
0.701668 1
0.107338 1
0.067223 1
0.341768 1
0.528610 7
0.000123 8
0.002663 3
0.000278 31
0.001543 1638
0.000006 206
0.000005 90
0.000005 178
0.000005 136
0.000005 204
0.001201 1776
0.000016 676
0.000298 104
0.000129 34
0.002385 39
0.013622 19
0.000677 300
0.000066 7
0.000392 8
18.349930 1
0.000243 3
0.000209 1
0.000203 1
0.000241 2
0.000189 1
0.000419 2
0.000221 1
0.000220 1
0.000208 1
0.000208 1
0.000206 1
0.000213 1
0.000207 1
0.000204 1
0.000198 1
0.000206 1
0.000211 1
0.000204 1
0.000202 1
0.000203 1
0.000200 1
0.000211 1
0.000208 1
0.000202 1
0.000201 1
0.000196 1
0.000213 1
0.000203 1
0.000201 1
0.000201 1
0.000199 1
0.000205 1
0.000216 1
0.000196 1
0.000224 1
0.000188 1
0.000209 1
0.000209 1
0.000202 1
0.000204 1
0.000209 1
0.000220 1
0.000216 1
0.000211 1
0.000212 1
0.000222 1
0.000201 1
0.000202 1
0.000204 1
0.000199 1
0.000215 1
0.000207 1
0.000205 1
0.000203 1
0.000202 1
0.000210 1
0.000208 1
0.000203 1
0.000203 1
0.000203 1
0.000208 1
0.000200 1
0.000208 1
0.000200 1
0.000203 1
0.000224 1
0.000211 1
0.000205 1
0.000205 1
0.000217 1
0.000210 1
0.000205 4
0.000218 6
0.000204 1
0.000223 3
0.000206 1
0.000221 1
0.000456 1
0.000234 2
0.000203 1
0.000197 1
0.000214 2
0.000199 1
0.000216 1
0.000200 1
0.000378 1
0.000211 2
0.000220 1
0.000197 1
0.000200 1
0.000207 2
0.000226 1
0.000433 2
0.000218 1
0.000201 1
0.000246 1
0.000200 1
0.000208 1
0.000198 1
0.000211 1
0.000243 1
0.000207 1
0.000227 1
0.000196 1
0.000213 1
0.000273 1
0.000219 1
0.000217 1
0.000211 1
0.000251 1
0.000217 1
0.000225 1
0.000222 1
0.000236 1
0.000217 1
0.000212 1
0.000211 1
0.000212 1
0.000229 1
0.000211 1
0.000210 1
0.000211 1
0.000212 1
0.000292 1
0.000235 1
0.000207 1
0.000216 1
0.000225 1
0.000211 1
0.000209 1
0.000210 1
0.000224 1
0.000217 1
0.000212 1
0.000209 1
0.000211 1
0.000277 1
0.000220 1
0.000232 1
0.000223 1
0.000233 1
0.000221 1
0.000218 1
0.000213 1
0.000212 1
0.000312 1
0.000219 1
0.000217 6
0.000212 1
0.000234 3
0.000216 1
0.000213 1
0.000212 1
0.000214 1
0.000238 1
0.000213 1
0.000209 1
0.000219 1
0.000219 1
0.000223 1
0.000205 1
0.000217 1
0.000216 1
0.000223 1
0.000148 881
1.039097 1039
0.006593 986
0.000149 7
0.000107 8
0.005100 3
0.000267 42
0.000071 72
0.001479 637
0.000014 397
0.000006 206
0.000013 468
0.000019 472
0.000006 272
0.000138 72
0.000107 104
0.000099 34
0.002304 39
0.014052 19
0.000686 300
0.000040 7
0.000381 8
10.082452 1
0.003154 20
0.000144 46
0.153505 95
0.191434 41
1.288241 30
0.001968 49
0.105921 18
0.002165 19
0.577089 1
0.388787 7
0.000057 8
0.001716 3
0.000287 20
0.001638 104
0.000119 34
0.002449 39
0.013880 19
0.000674 300
0.000055 7
0.000472 8
1.445629 1
0.001913 12
0.000143 26
0.246106 25
0.003111 31
0.079610 41
0.534112 30
0.076730 30
0.001931 60
0.087588 18
0.001643 19
1.443564 1
0.780532 1
0.299468 1
0.179632 1
0.326844 1
0.510242 1
0.500378 1
0.030033 1
0.029421 1
0.030774 1
0.030123 1
0.029304 1
0.208943 4
0.205513 4
0.122536 4
0.850832 4
0.164680 4
0.281291 7
0.779641 4
0.159436 4
0.167593 3
0.154124 3
0.448729 1
0.196916 1
0.178310 1
0.288817 1
0.500083 1
0.030529 1
0.030385 1
0.030320 1
0.029775 1
0.030648 1
0.030895 1
0.030475 1
0.030007 1
0.030045 1
0.366313 52
0.005027 75
0.265483 91
0.514549 80
0.099357 80
0.486827 80
0.004327 86
0.593635 7
0.000096 8
0.002575 3
0.000278 30
0.000715 30
0.000419 104
0.000112 34
0.002267 39
0.013587 19
0.000664 304
0.000070 7
0.000354 8
0.786456 16
0.006014 59
0.303313 1
0.500371 1
0.030577 1
0.030099 1
0.030522 1
0.030092 1
0.029802 1
0.030676 1
0.030019 1
0.146189 1
0.203623 1
0.135443 1
0.230040 48
0.140324 59
0.136044 48
0.480057 47
0.002859 27
0.278379 42
0.004134 42
0.113978 47
0.002500 112
0.148031 83
0.002533 33
0.707653 52
0.351383 7
0.000084 8
0.002173 34
0.005622 33
0.835057 1
0.259591 1
0.249964 1
0.228544 1
0.258595 1
0.323931 1
0.176162 1
0.098690 1
0.119710 1
0.093051 1
0.097902 1
0.299356 33
0.000006 2
0.035015 59
3.058750 1
0.142609 1
0.419273 1
0.117383 1
0.128967 1
0.897320 3
0.124114 3
0.159830 3
0.116151 3
0.093349 3
0.319031 2
0.000263 44
0.000158 104
0.000165 34
0.002559 39
0.013727 19
0.001053 592
0.000044 7
0.000430 8
0.910669 1
0.003287 20
0.000148 40
0.145641 30
0.289478 41
0.110975 44
0.105419 30
0.001791 31
1.322802 1
0.165425 32
0.001968 16
0.678731 30
0.001780 49
0.094737 18
0.001903 19
1.943885 6
0.369786 7
0.000073 8
0.001633 3
0.000223 20
0.001700 104
0.000091 34
0.002453 39
0.013789 19
0.001080 394
0.000073 7
0.000459 8
2.375006 6
0.002313 39
0.277402 47
0.002904 95
0.445326 60
0.005246 109
0.324518 59
0.002260 111
0.347216 7
0.000094 8
0.002406 3
0.000256 31
0.008001 60
9.626317 2
0.000252 44
0.000190 104
0.000181 34
0.002468 39
0.014460 19
0.001086 593
0.000071 7
0.000365 8
0.347348 1
0.002893 20
0.000139 40
0.174379 58
0.003272 25
0.751746 99
0.178277 30
0.001736 49
0.534915 7
0.000088 8
0.001203 3
0.000214 18
0.007732 84
0.001058 104
0.000238 34
0.002269 39
0.014415 19
0.000812 394
0.000064 7
0.000347 8
6.153641 1
0.003005 11
0.000154 54
0.087019 21
0.003084 41
0.411405 202
0.082261 30
0.002026 49
0.613858 7
0.000087 8
0.001261 3
0.000206 18
0.012022 88
1.108053 1
0.214002 1
0.115392 1
0.130694 1
0.574994 11
0.000044 6
0.000661 104
0.000146 34
0.002996 39
0.014586 19
0.000843 390
0.000070 7
0.000365 8
2.989463 1
0.003376 20
0.000140 50
0.065984 119
0.001842 27
0.364855 7
0.000081 8
0.001209 3
0.000249 14
0.001477 2
1.357509 1
0.245794 1
0.102767 1
0.129119 1
0.445458 2
0.000468 104
0.000173 34
0.002644 39
0.014896 19
0.000783 390
0.000067 7
0.000373 8
4.522502 1
0.003123 20
0.000157 34
0.070151 37
0.001988 27
0.477225 7
0.000074 8
0.001221 3
0.000218 14
0.018640 228
0.000676 104
0.000162 34
0.002413 39
0.014656 19
0.000781 390
0.000067 7
0.000363 8
2.347386 1
0.003107 20
0.000237 236
0.208891 167
0.001989 27
0.113859 25
0.002965 42
0.113699 30
0.001764 49
1.052416 7
0.000084 8
0.001205 5
0.001654 18
0.000092 31
0.000101 104
0.000072 34
0.002361 39
0.014207 19
0.000789 390
0.000063 7
0.000401 8
2.955292 1
0.003146 20
0.000138 36
0.226912 30
0.001562 27
0.120005 25
0.003068 42
0.097265 30
0.001599 49
4.789258 7
0.000076 8
0.001205 3
0.000176 18
0.001683 78
