0.032744 362
0.095745 6
0.000113 29
0.001135 103
0.000125 163
0.001049 363
0.000064 7
0.000287 6
0.000065 8
3.482343 1
0.003427 20
0.000146 36
0.255239 44
0.002848 67
0.041316 41
0.833048 30
0.001488 49
0.117832 18
0.001624 19
0.790726 6
0.116241 6
0.139591 6
0.988398 6
0.002950 12
1.275255 18
0.002787 19
0.152592 18
0.002871 26
2.724661 18
0.703053 269
0.002879 66
0.162421 18
2.550041 300
0.003137 316
1.253813 7
0.000058 8
0.002639 81
0.000026 54
0.000132 104
0.000102 54
0.002511 49
0.014199 19
0.000708 363
0.000050 7
0.000377 8
1.489599 1
0.002759 20
0.000202 98
0.258627 30
0.069260 41
0.251104 30
0.002038 49
0.375819 18
0.001588 19
0.615307 6
0.082088 6
1.487582 6
0.468756 6
0.003202 12
0.762138 347
0.473052 20
0.002984 70
0.252358 18
0.003439 19
0.185457 18
0.002629 26
1.856952 18
1.536939 329
0.002873 28
0.226030 18
3.856257 72
0.002905 88
0.530392 20
0.002922 12
0.127094 27
0.003084 14
0.146688 34
0.003175 16
0.110107 41
0.003621 18
0.324802 48
0.002835 20
1.398465 46
0.002963 12
0.000195 96
0.412057 18
0.003189 26
4.330592 282
0.003297 301
0.574231 7
0.000099 8
0.002472 3
0.000261 141
0.000173 104
0.000086 54
0.002702 49
0.013579 19
0.000983 363
0.000073 7
0.000361 8
14.035221 1
0.002914 20
0.000181 71
0.325213 232
0.720727 1
0.003006 20
0.000198 120
0.257683 30
0.080680 41
0.234788 30
0.001777 49
0.301202 18
0.001678 19
1.416094 6
0.105889 6
0.963445 6
0.751911 44
0.002599 12
0.482408 8
0.002479 93
0.206613 6
0.002557 12
2.467971 18
0.002888 19
0.121352 18
0.002674 26
2.617248 18
0.843609 56
0.002788 103
0.164499 18
1.234646 18
4.535070 18
0.315422 18
0.285945 18
0.106215 18
1.105616 56
0.668139 20
0.002794 98
0.279098 18
0.206342 18
0.379605 18
0.667876 18
0.002827 19
0.120834 18
0.002817 26
0.998264 18
0.358588 51
0.003054 93
0.293717 18
0.635297 18
0.156330 18
1.574848 56
0.698889 20
0.002944 90
0.192199 18
1.147583 18
0.170465 18
0.321759 18
0.152313 18
0.217372 18
0.589207 18
0.398581 18
0.269219 18
0.558955 18
0.528488 18
0.003040 19
0.875313 18
0.002655 26
1.810557 56
0.629454 20
0.003318 78
0.188339 18
0.903938 18
0.183138 18
0.747062 18
0.387065 18
0.123894 18
0.245327 18
0.801169 18
0.509130 18
0.002991 19
0.836033 18
0.003013 26
1.347469 18
8.584526 18
0.162442 18
1.398664 18
0.303109 56
0.452789 20
0.003336 64
1.184132 18
0.698320 18
0.192040 18
0.179901 18
0.156448 18
0.232903 18
0.209277 18
0.075516 18
2.032898 18
0.526019 18
0.235472 18
0.003097 19
0.171103 31
0.002869 39
1.323622 30
3.591417 25
0.769208 18
0.764799 24
0.587943 18
0.226478 18
0.099783 18
0.314838 18
0.849517 18
0.330827 18
0.003557 19
0.192210 18
0.003094 26
0.998539 18
0.867338 18
0.256802 18
0.558907 18
0.829078 18
0.448244 18
0.128353 18
0.213650 18
0.178763 18
0.459315 18
6.097433 7
0.000104 8
0.002581 3
0.000263 22
0.000048 72
0.000178 104
0.000080 54
0.002562 49
0.014042 19
0.000698 363
0.000055 7
0.000372 8
25.820484 1
0.002881 20
0.000181 136
0.321801 30
0.180477 41
0.744308 30
0.001483 49
0.144870 18
0.001690 19
0.449594 44
0.002470 12
0.000201 49
0.763959 18
0.878040 215
0.499967 20
0.002811 48
0.205531 215
0.002638 60
1.732868 270
0.007235 286
1.588637 7
0.000062 8
0.006511 5
0.000260 67
0.003739 47
0.000136 104
0.000140 54
0.002450 49
0.013751 19
0.000724 363
0.000063 7
0.000363 8
1.999743 1
0.002761 20
0.000195 87
0.315813 30
0.140610 41
0.249080 30
0.001755 49
0.825097 18
0.001499 19
0.395230 6
0.003316 12
0.758409 18
0.329555 293
0.002782 47
0.409372 18
1.229202 186
0.004275 167
1.186612 7
0.000103 8
0.003662 3
0.000297 54
0.001480 26
0.000117 104
0.000107 54
0.002466 49
0.014223 19
0.000706 363
0.000082 7
0.000343 8
2.572274 1
0.002805 20
0.000139 44
0.283149 72
0.002917 22
0.107236 41
0.001916 38
0.757002 18
0.001631 19
0.964601 41
0.002432 27
0.932944 72
0.003894 66
1.220709 7
0.000104 8
0.003245 3
0.000298 30
0.002679 210
0.000253 104
0.000129 54
0.002382 49
0.013794 19
0.000718 363
0.000075 7
0.000383 8
1.842762 1
0.003203 20
0.000147 51
0.210590 30
0.163402 41
0.001680 38
0.247081 18
0.001603 19
2.151136 83
0.002405 20
1.760636 6
1.693258 27
0.003122 25
1.711452 60
0.003798 66
0.789718 7
0.000105 8
0.003398 3
0.000272 30
0.002815 212
0.000285 104
0.000123 54
0.002502 49
0.013247 19
0.000733 363
0.000048 7
0.000394 8
10.028635 1
0.003080 20
0.000179 51
0.301912 30
0.106652 41
0.001697 38
0.168138 18
0.001820 19
0.950001 6
0.115064 6
0.391438 71
0.003039 16
0.178198 6
0.135283 6
0.086832 6
2.251589 7
0.000110 8
0.001990 3
0.000279 23
0.001562 212
0.000285 104
0.000146 54
0.002608 49
0.014309 19
0.000774 363
0.000069 7
0.000376 8
4.111161 1
0.003154 20
0.000178 42
0.152323 30
0.907485 41
0.350030 30
0.127006 30
0.332211 30
0.108917 30
0.001878 82
0.465476 7
0.000091 8
0.001820 3300
0.000188 104
0.000055 54
0.002661 49
0.013937 19
0.000897 363
0.000119 7
0.000499 8
5.995659 1
0.001606 12
0.788054 18
0.002701 19
2.870540 7
0.000127 8
0.001505 3
0.000180 104
0.000083 54
0.002636 49
0.013422 19
0.000719 403
0.000059 7
0.002868 243
3.603742 7
0.000062 8
0.002276 3
0.000268 84
0.000133 104
0.000094 54
0.002549 49
0.013709 19
0.000721 363
0.000036 7
0.000360 8
1.983150 40
0.003194 235
0.862589 230
0.820731 1
0.002037 12
0.448744 18
0.002937 19
1.534918 7
0.000068 8
0.001356 3
0.000236 104
0.000082 54
0.002587 49
0.014067 19
0.000726 389
0.000071 7
0.002760 159
6.113634 7
0.000112 8
0.002280 3
0.000355 161
0.000145 54
0.002564 49
0.013528 19
0.000709 363
0.000078 7
0.000355 8
4.521374 1
0.002829 20
0.683502 12
0.640041 1
0.001965 12
0.705156 18
0.002645 19
0.516684 7
0.000088 8
0.001257 3
0.000207 104
0.000083 54
0.002729 49
0.013674 19
0.000725 417
0.000059 7
0.002920 327
1.009292 1
0.500558 1
0.031006 1
0.029725 1
0.031163 1
0.029737 1
0.030292 1
0.030493 1
0.031177 1
0.030733 1
0.031140 1
0.030810 1
0.031730 1
0.030900 1
0.030681 1
0.030493 1
0.031277 1
0.031075 1
0.029992 1
0.031158 1
0.031967 1
0.030182 1
0.029603 1
0.030771 1
0.031084 1
0.030029 1
0.030247 1
0.030908 1
0.030018 1
0.030101 1
0.030164 1
0.029971 1
0.289150 1
0.137660 1
0.255921 1
0.762941 227
0.066305 226
2.690568 7
0.000111 8
0.002314 3
0.000301 68
0.000008 44
0.000159 104
0.000098 54
0.002733 49
0.014372 19
0.000738 363
0.000037 7
0.000416 8
0.001012 7
0.000077 8
0.000868 3
0.000153 104
0.000080 54
0.002587 49
0.013381 19
0.000713 363
0.000062 7
0.000375 8
3.371934 1
0.002745 20
0.000158 47
0.091609 101
0.002994 26
0.138457 41
0.001670 38
0.194708 18
0.002007 19
1.352089 58
0.002534 20
0.307039 6
0.137838 6
0.074266 6
1.185081 6
0.600100 6
2.943909 7
0.000051 8
0.001648 3
0.000315 23
0.011299 25
0.013157 791
1.560985 28
0.001587 104
0.000189 54
0.002826 49
0.013912 19
0.000711 363
0.000054 7
0.000391 8
2.386036 1
0.003089 20
0.000146 43
0.105011 30
0.129760 41
0.001884 38
0.205369 18
0.001695 19
0.548406 41
0.002385 24
0.128069 6
0.658385 6
0.297756 6
0.159894 6
0.072285 6
0.688897 6
0.125114 6
0.453476 7
0.000096 8
0.001970 3
0.000229 25
0.006694 80
0.000573 104
0.000149 54
0.002334 49
0.014495 19
0.000719 367
0.000063 7
0.000358 8
4.181751 1
0.002907 20
0.000243 46
0.065617 30
0.170604 41
0.002092 38
0.154803 18
0.001812 19
0.994763 55
0.002126 22
0.248796 6
1.369786 42
0.469194 7
0.000054 8
0.001982 3
0.000302 26
0.012171 46
0.002725 104
0.000169 54
0.002346 49
0.013439 19
0.000700 363
0.000067 7
0.000351 8
2.082471 1
0.002912 20
0.000160 45
0.082305 30
0.433634 41
0.743985 30
0.001724 49
0.132497 18
0.001979 19
1.274021 36
0.649245 7
0.000083 8
0.001668 3
0.001654 25
0.002031 24
0.000025 142
0.000007 56
0.005496 135
0.000211 437
0.000014 78
0.000004 284
0.000005 80
0.000014 311
0.000048 6
2.592415 40
0.000075 6
0.007510 18
0.000060 12
0.000043 6
0.007661 24
0.000014 6
0.000052 6
0.007745 30
0.000026 6
0.007754 48
0.000010 7
0.000071 177
0.007665 14
0.000005 21
0.000057 179
0.007670 35
0.000060 7
0.007784 35
0.000053 7
0.007713 14
0.000005 21
0.000049 7
0.007818 35
0.000006 118
0.000010 88
0.000004 9
0.000005 62
0.000015 56
0.000013 164
0.000051 228
0.000015 480
0.000014 17
0.000043 7
0.007509 155
0.000008 7
0.000006 51
0.000024 201
0.000020 80
0.000021 384
0.000016 157
0.000016 177
0.000018 79
0.000007 146
0.000007 62
0.000006 47
0.000005 9
0.000020 163
0.000021 227
0.000006 156
0.000008 147
0.000007 10
0.000007 81
0.000007 96
0.000029 155
0.000050 7
0.007480 125
0.000036 201
0.000006 80
0.000031 382
0.000027 157
0.000008 177
0.000007 72
0.000020 149
0.000025 213
0.000019 163
0.000007 224
0.000014 76
0.000007 80
0.000006 147
0.000018 91
0.000007 96
0.000007 72
0.000005 76
0.000020 83
0.000050 7
0.007507 125
0.000011 47
0.000017 163
0.000016 223
0.000017 241
0.000010 72
0.000004 81
0.000015 96
0.000005 148
0.000016 76
0.000004 94
0.000015 142
0.000005 163
0.000028 298
0.000005 165
0.000012 72
0.000025 177
0.000005 214
0.000005 97
0.000010 79
0.000004 7
0.000056 7
0.007497 125
0.000007 7
0.000018 185
0.000005 7
0.000012 77
0.000018 298
0.000014 225
0.000005 10
0.000012 167
0.000010 82
0.000005 147
0.000004 10
0.000017 188
0.000004 10
0.000004 7
0.000026 175
0.000010 377
0.000006 84
0.000003 61
0.000006 91
0.000016 244
0.000013 242
0.000016 120
0.000049 7
0.007575 7
0.000013 309
0.000008 7
0.000009 14
0.000024 232
0.000009 84
0.000026 163
0.000007 246
0.000005 151
0.000011 78
0.000005 166
0.000012 112
0.000005 158
0.000005 7
0.000017 223
0.000005 163
0.000005 70
0.000013 247
0.000017 239
0.000005 79
0.000004 30
0.000023 304
0.000063 7
0.007367 125
0.000019 299
0.000006 89
0.000015 166
0.000006 142
0.000005 10
0.000005 87
0.000015 109
0.000006 83
0.000005 153
0.000006 71
0.000006 7
0.000005 170
0.000006 79
0.000032 154
0.000007 397
0.000020 196
0.000006 158
0.000017 149
0.000005 94
0.000074 7
0.187767 188
0.000009 14
0.000037 263
0.000028 323
0.000006 67
0.000017 94
0.000015 194
0.000014 219
0.000015 94
0.000008 157
0.000006 7
0.000019 165
0.000020 245
0.000006 75
0.000007 74
0.000016 87
0.000006 109
0.000006 83
0.000006 75
0.000018 149
0.000006 163
0.000005 76
0.000018 83
0.000094 7
0.006878 132
0.000008 189
0.000007 94
0.000005 71
0.000027 145
0.000008 173
0.000028 190
0.000013 151
0.000019 163
0.000006 157
0.000015 110
0.000005 7
0.000016 189
0.000017 146
0.000012 74
0.000005 86
0.000007 97
0.000005 10
0.000012 83
0.000005 75
0.000005 78
0.000012 71
0.000014 163
0.000018 152
0.000006 110
0.000005 17
0.000076 7
0.007324 118
0.000015 14
0.000006 173
0.000011 14
0.000023 184
0.000023 259
0.000005 9
0.000005 82
0.000018 228
0.000015 87
0.000019 152
0.000006 277
0.000016 71
0.000006 87
0.000005 169
0.000010 86
0.000019 188
0.000014 212
0.000011 97
0.000017 152
0.000005 150
0.000005 46
0.000023 299
0.000017 7
0.000056 7
0.007409 125
0.000014 7
0.000018 195
0.000030 111
0.000006 156
0.000015 79
0.000017 232
0.000029 267
0.000008 86
0.000005 77
0.000016 145
0.000006 87
0.000023 434
0.000017 69
0.000019 162
0.000007 272
0.000005 153
0.000006 146
0.000019 168
0.000041 7
0.007444 128
0.000020 125
0.000020 191
0.000007 7
0.000017 7
0.000025 216
0.000006 95
0.000013 227
0.000020 120
0.000017 300
0.000021 80
0.000006 160
0.000013 90
0.000027 315
0.000006 161
0.000016 150
0.000018 119
0.000007 153
0.000006 78
0.000016 148
0.000019 178
0.000006 158
0.000006 7
0.000072 7
0.007305 186
0.000007 169
0.000017 21
0.000019 118
0.000018 236
0.000017 185
0.000005 9
0.000005 78
0.000014 151
0.000015 228
0.000017 165
0.000006 66
0.000007 76
0.000027 167
0.000025 406
0.000014 73
0.000006 44
0.000005 78
0.000018 151
0.000006 148
0.000018 178
0.000018 229
0.000017 241
0.000005 7
0.000070 7
0.007404 7
0.000007 177
0.000007 14
0.000018 177
0.000013 85
0.000006 108
0.000007 84
0.000019 152
0.000011 312
0.000007 165
0.000006 76
0.000005 159
0.000005 101
0.000005 17
0.000019 287
0.000022 374
0.000005 168
0.000006 97
0.000018 304
0.000005 101
0.000006 10
0.000006 74
0.000055 7
0.007567 196
0.000008 137
0.000016 16
0.000015 151
0.000008 76
0.000006 136
0.000016 86
0.000013 97
0.000007 155
0.000027 235
0.000007 79
0.000006 32
0.000006 64
0.000006 78
0.000022 190
0.000032 228
0.000006 311
0.000015 168
0.000014 233
0.000018 178
0.000016 247
0.000064 7
0.007436 187
0.000007 14
0.000017 175
0.000005 7
0.000018 143
0.000009 78
0.000016 172
0.000019 154
0.000007 154
0.000019 160
0.000017 174
0.000016 162
0.000021 83
0.000007 239
0.000015 78
0.000022 261
0.000006 70
0.000019 149
0.000007 163
0.000036 177
0.000006 162
0.000021 169
0.000059 7
0.007464 176
0.000006 14
0.000016 171
0.000030 179
0.000007 92
0.000015 222
0.000022 192
0.000022 221
0.000007 159
0.000023 96
0.000024 73
0.000023 87
0.000014 279
0.000019 303
0.000006 162
0.000005 32
0.000015 307
0.000021 315
0.000006 89
0.000055 7
0.007399 189
0.000006 7
0.000007 95
0.000049 386
0.000006 417
0.000030 491
0.000017 346
0.000009 147
0.000008 182
0.000007 77
0.000008 157
0.000018 245
0.000008 153
0.000007 211
0.000007 7
0.000069 7
0.007588 118
0.000008 14
0.000009 93
0.000022 229
0.000019 188
0.000021 303
0.000007 172
0.000008 153
0.000006 166
0.000008 52
0.000034 89
0.000007 569
0.000007 156
0.000007 83
0.000018 397
0.000007 139
0.000023 171
0.000047 7
0.007607 179
0.000009 7
0.000009 160
0.000009 108
0.000022 304
0.000008 238
0.000009 246
0.000016 52
0.000006 164
0.000008 87
0.000009 255
0.000007 99
0.000008 9
0.000009 143
0.000008 160
0.000042 397
0.000013 383
0.000007 87
0.000057 7
0.007522 192
0.000009 14
0.000008 180
0.000018 37
0.000007 63
0.000008 155
0.000008 156
0.000022 415
0.000008 52
0.000019 401
0.000027 275
0.000007 155
0.000007 82
0.000008 235
0.000021 288
0.000007 92
0.000008 242
0.000016 234
0.000063 7
0.007464 118
0.000037 182
0.000008 162
0.000006 156
0.000017 324
0.000009 87
0.000006 52
0.000007 244
0.000031 357
0.000031 642
0.000007 168
0.000007 52
0.000015 244
0.000008 157
0.000006 150
0.000015 136
0.000062 7
0.171975 7
0.000018 194
0.000014 191
0.000019 397
0.000012 298
0.000035 83
0.000008 612
0.000014 572
0.000014 132
0.000006 162
0.000005 231
0.000006 76
0.000005 43
0.000006 165
0.000005 93
0.000006 34
0.000041 7
0.007506 7
0.000007 125
0.000020 187
0.000006 14
0.000015 177
0.000017 83
0.000012 214
0.000006 159
0.000004 79
0.000015 237
0.000005 118
0.000006 86
0.000006 169
0.000019 198
0.000037 338
0.000006 447
0.000010 193
0.000016 165
0.000003 130
0.000012 170
0.000006 7
0.000048 7
0.007577 7
0.000009 183
0.000006 14
0.000006 188
0.000017 157
0.000014 125
0.000007 7
0.000018 241
0.000008 231
0.000007 117
0.000018 279
0.000006 167
0.000007 16
0.000019 129
0.000019 336
0.000009 228
0.000007 107
0.000013 9
0.000008 86
0.000031 172
0.000007 266
0.000008 145
0.000007 7
0.000062 7
0.007401 190
0.000008 14
0.000007 181
0.000020 195
0.000017 192
0.000020 158
0.000007 126
0.000018 200
0.000007 157
0.000008 16
0.000005 49
0.000007 152
0.000007 49
0.000007 83
0.000021 369
0.000016 205
0.000016 180
0.000007 49
0.000007 194
0.000007 10
0.000007 98
0.000051 7
0.007531 7
0.000007 191
0.000015 148
0.000016 125
0.000014 194
0.000036 199
0.000006 420
0.000005 178
0.000016 154
0.000015 375
0.000006 139
0.000014 204
0.000006 10
0.000006 101
0.000015 240
0.000006 7
0.000036 7
0.007638 7
0.000009 208
0.000007 128
0.000007 125
0.000016 191
0.000015 146
0.000008 149
0.000015 147
0.000006 162
0.000007 290
0.000014 281
0.000007 47
0.000007 152
0.000038 311
0.000007 474
0.000034 7
0.007636 7
0.000009 131
0.000007 125
0.000015 154
0.000025 299
0.000007 7
0.000007 86
0.000021 213
0.000006 156
0.000017 232
0.000007 141
0.000006 97
0.000006 56
0.000025 320
0.000013 238
0.000005 156
0.000019 344
0.000020 163
0.000041 7
0.007601 272
0.000011 125
0.000009 14
0.000046 184
0.000013 621
0.000008 114
0.000011 97
0.000009 112
0.000039 280
0.000009 79
0.000010 157
0.000021 307
0.000024 346
0.000010 32
0.000018 174
0.000047 7
0.007548 7
0.000006 125
0.000016 181
0.000010 197
0.000021 14
0.000045 159
0.000005 110
0.000005 83
0.000019 242
0.000009 167
0.000013 114
0.000005 12
0.000041 6
0.007451 30
0.000006 6
0.000020 30
0.000016 18
0.000040 6
0.007790 30
0.000008 12
0.000008 7
0.000040 7
0.007661 28
0.000009 14
0.171756 35
0.000008 21
0.000047 7
0.007649 7
0.000057 174
0.000014 27
0.000005 100
0.000016 201
0.000053 325
0.000014 6
0.007587 36
0.000007 12
0.000016 18
0.000030 6
0.007553 12
0.000009 18
0.000005 12
0.000007 14
0.000005 14
0.000038 7
0.007633 35
0.000007 7
0.000006 7
0.000006 21
0.000015 21
0.000005 7
0.000039 78
0.007683 28
0.000061 154
0.000007 12
0.000007 18
0.000022 250
0.000008 223
0.000005 10
0.000006 174
0.000008 170
0.000006 161
0.000006 81
0.000005 59
0.000005 12
0.000057 6
0.007587 12
0.000020 42
0.000006 6
0.000005 18
0.000005 6
0.000004 12
0.000013 7
0.000037 7
0.007810 28
0.000009 7
0.000050 63
0.000040 7
0.007678 35
0.000015 21
0.000011 21
0.000005 7
0.000008 14
0.000005 14
0.000006 7
0.000053 7
0.007635 28
0.000008 125
0.000076 233
0.000020 151
0.000005 160
0.000016 240
0.000006 160
0.000025 76
0.000009 216
0.000058 6
0.007539 30
0.000022 18
0.000048 6
0.326964 80
0.000545 104
0.000154 54
0.002650 49
0.013563 19
0.000849 458
0.000156 7
0.000470 8
2.349361 1
0.001692 12
0.000158 39
0.732481 18
0.003405 31
0.118028 41
0.607749 60
0.002066 62
2.933978 7
0.000106 8
0.001827 3
0.000248 29
0.004104 46
0.000455 104
0.000134 54
0.002407 49
0.013757 19
0.000714 363
0.000046 7
0.000364 8
4.983209 1
0.003009 20
0.000152 47
4.853761 88
0.723058 1
0.001917 20
0.000183 47
0.227374 101
0.003350 26
1.199670 41
0.126203 30
0.096143 30
0.002021 60
0.999761 18
0.001541 19
1.182648 6
0.002431 11
1.474681 50
0.002022 24
0.498646 46
0.002054 22
0.027622 71
0.002276 53
0.000159 23
0.028603 90
0.002112 25
0.027982 107
0.001856 26
0.027713 102
0.001913 47
0.028266 88
0.026981 1
0.002591 20
0.000142 43
0.696294 82
0.001771 27
0.000146 22
0.153072 25
0.001850 26
1.428781 34
0.002581 11
0.000162 12
0.131008 21
0.687390 7
0.000120 8
0.001910 3
0.000267 17
0.000195 104
0.000072 34
0.002604 39
0.013939 29
0.000667 300
0.000036 7
0.000384 8
2.119762 1
0.002981 20
0.000158 47
0.179708 101
0.003522 26
0.565627 41
0.148134 30
0.256837 82
0.750496 30
0.001763 31
0.358532 1
0.138270 32
0.002231 23
0.678640 30
0.001544 60
0.942637 18
0.001510 19
0.771144 6
0.002336 11
0.419304 21
3.428751 30
0.002472 41
1.339980 7
0.000230 8
0.001569 3
0.000434 28
0.001350 111
0.000345 104
0.000153 34
0.002513 39
0.013383 19
0.000704 304
0.000076 7
0.000359 8
2.649678 1
0.001709 12
0.555342 8
0.217953 1
0.002987 21
0.998295 31
0.003163 27
0.545633 22
0.003507 57
1.304140 43
0.001978 35
0.143619 19
0.001915 21
0.086128 13
0.450773 1
0.001879 12
0.000177 61
0.149376 18
0.184076 222
0.003382 42
0.274428 30
0.163842 30
0.001819 60
0.131551 18
0.001934 19
0.724588 1
0.002206 11
0.107532 16
0.159995 16
0.131799 16
0.116663 16
1.037913 7
0.000049 8
0.001806 3
0.000248 26
0.001846 104
0.000120 34
0.002487 39
0.013435 19
0.000678 300
0.000055 7
0.000378 8
0.363926 11
0.002209 44
0.328619 33
0.596209 7
0.000105 8
0.001638 3
0.000262 28
0.002062 104
0.000161 34
0.002475 39
0.013421 19
0.000693 300
0.000072 7
0.000370 8
2.183968 1
0.003292 20
0.000146 34
0.173202 30
0.153534 41
0.001706 38
1.878321 27
0.001840 31
0.000177 12
0.498550 39
0.002179 34
0.027170 26
0.032680 1
0.002780 20
0.000148 38
0.602331 30
0.001645 27
0.210240 25
0.001677 26
1.507074 13
0.002160 11
1.095329 16
0.648955 16
0.081194 16
0.515652 16
0.114293 16
0.063162 16
1.170474 7
0.000099 8
0.001808 3
0.000307 22
0.000188 104
0.000078 46
0.002638 45
0.013786 29
0.000733 359
0.000074 7
0.000380 8
1.458781 1
0.003208 20
0.000194 34
0.097698 30
0.193699 41
0.002015 38
0.534153 7
0.000066 8
0.001242 3
0.000308 16
0.000089 18
0.000133 104
0.000118 46
0.002396 45
0.013311 19
0.000801 359
0.000127 7
0.000553 8
1.999980 1
0.002781 20
0.000153 43
0.164006 30
0.002030 27
0.144904 25
0.001996 26
0.142269 48
0.002526 11
0.000166 12
0.098937 21
1.717731 7
0.000066 8
0.001642 3
0.000217 17
0.000188 104
0.000117 34
0.002662 39
0.014876 19
0.000711 300
0.000063 7
0.000379 8
0.756964 1
0.003188 20
0.000143 34
0.099060 30
0.274775 41
0.001634 38
1.147943 7
0.000098 8
0.001278 3
0.000203 16
0.000062 12
0.000100 104
0.000063 34
0.002652 39
0.013198 19
0.000687 300
0.000065 7
0.000375 8
2.504465 3
0.001867 26
0.131716 28
0.002263 43
0.377667 37
0.001618 26
0.537567 33
0.002212 68
0.653189 7
0.000111 8
0.001643 3
0.000227 22
0.000200 104
0.000075 46
0.002462 45
0.013526 19
0.000739 359
0.000071 7
0.000380 8
0.557784 10
0.002304 63
0.207607 72
0.001593 26
0.967729 7
0.000077 8
0.001245 3
0.000194 16
0.000110 18
0.000097 104
0.000077 46
0.002491 45
0.013437 19
0.000723 359
0.000048 7
0.000372 8
2.823375 1
0.003246 20
0.000182 88
0.285168 347
0.001817 27
0.000184 14
0.115478 25
0.002966 42
0.107525 30
0.001597 49
0.584607 7
0.000065 8
0.001275 3
0.001899 18
