0.012498 68
4.340391 1
0.118201 1
0.120733 1
0.148844 1
0.286938 1
1.303628 1
0.102939 1
0.219719 1
0.681532 1
0.366804 1
0.262632 1
0.150310 1
0.168465 1
0.885786 1
0.432295 1
0.507912 1
0.310050 1
0.179118 1
0.159901 1
0.249510 1
1.019065 1
0.328542 1
0.390025 1
0.929158 1
0.217846 1
0.150200 1
0.533264 1
0.649742 1
0.226862 1
0.389239 1
0.642796 1
0.158097 1
0.413057 1
0.255520 1
0.288893 1
0.317749 1
0.249237 1
0.251730 1
0.618922 11
0.004853 33
2.790441 2
0.066093 8
0.000007 60
2.503375 1
0.136490 1
0.366028 1
0.119637 1
0.879169 1
0.394916 1
0.299379 1
0.136635 1
0.182541 1
0.226137 1
0.203010 1
0.167335 1
0.798871 1
0.348735 1
0.136137 1
0.282922 1
0.138466 1
0.268004 1
0.172067 1
0.388425 1
3.294075 11
0.032847 65
0.000548 71
0.008841 111
0.018864 126
0.003529 25
4.311523 2
0.000979 55
3.688308 2
0.027622 54
0.005388 235
1.364673 1
0.237669 1
0.132863 1
0.156026 1
0.273603 1
0.126076 1
0.113613 1
0.547867 2
0.000043 31
1.955413 1
0.279616 2
0.000042 35
3.613592 1
0.231165 2
0.000033 37
0.357429 1
0.238274 2
0.000040 18
1.259757 1
0.248282 1
1.148300 3
0.350034 1
0.256528 1
0.413005 1
0.735088 1
0.242803 1
0.154945 1
0.191114 1
0.161905 1
0.331256 2
0.012090 60
1.082704 1
0.282057 2
0.003112 8
0.000025 60
2.295602 1
0.244781 1
0.157777 1
0.300060 1
0.159341 1
1.916594 1
0.451725 1
0.163081 1
0.266370 1
0.147440 1
1.164002 1
0.159988 1
0.159846 1
0.139890 1
0.275883 1
0.248404 11
0.294100 3
0.356254 3
0.178929 3
0.159509 3
0.220112 3
0.313015 3
0.398615 4
0.146053 4
0.206493 1
0.711471 4
0.257501 1
0.129306 1
0.311799 1
1.696977 1
0.100846 1
0.466783 1
0.066254 1
0.199453 1
0.097095 1
0.619082 1
0.142052 1
0.137734 1
0.221620 1
1.908034 1
2.303844 1
1.586177 1
0.299414 1
0.368567 1
0.136201 1
0.255879 1
0.137707 1
0.159374 1
0.611598 1
0.176330 1
0.578344 1
0.811253 1
0.125802 6
1.610635 11
0.040298 68
5.273250 1
0.147493 1
0.520507 1
0.296649 1
0.418910 1
0.449284 1
0.255904 1
0.135291 1
0.117601 1
0.139623 1
0.210849 1
3.176772 11
0.004118 14
3.831773 2
0.038535 52
0.000007 29
0.002657 2
4.745391 1
0.094127 1
0.323002 1
0.140129 1
0.736028 1
0.116993 1
0.698757 2
0.003639 49
3.919326 2
0.035083 14
7.132846 2
0.000915 21
5.477199 2
0.062663 39
0.000642 2
10.536851 1
1.367234 1
0.169438 1
0.101610 1
1.876725 2
0.001325 68
3.199339 1
0.112563 1
0.169757 1
0.167841 1
1.567817 1
0.378926 1
0.146641 1
2.170494 1
0.180727 1
0.098159 1
0.678254 1
0.193073 1
0.338756 1
1.058038 1
0.386460 1
0.160712 1
0.342043 1
0.897439 1
0.557107 1
0.258740 1
0.898394 1
0.648593 1
0.369771 1
0.211894 1
0.616345 1
0.299249 1
0.231329 1
0.148041 1
0.311927 1
0.002534 1
0.130863 1
2.859453 11
0.020620 68
15.605152 1
0.181083 1
0.119917 1
0.170217 1
0.143539 1
2.450554 1
0.138907 1
0.563051 1
0.108268 1
1.655442 1
0.381033 1
0.228286 1
0.107710 1
0.093342 1
0.138055 1
0.729113 1
1.634321 11
0.009841 234
1.616370 1
0.350334 1
0.102523 1
1.879489 3
0.891555 33
0.761575 1
0.315262 2
0.000078 35
0.291314 1
0.207987 2
0.000052 37
0.262203 1
0.209157 2
0.000056 18
0.818347 1
0.237065 1
0.151541 1
0.343558 3
0.254818 1
0.649587 1
0.429393 1
0.239230 1
0.179400 1
0.149965 1
0.170437 1
1.154237 2
0.012627 68
7.483209 1
0.100015 1
0.210417 1
0.134223 1
0.136976 1
0.598502 1
0.116129 1
0.205984 1
0.171012 1
0.205805 1
0.173552 1
0.336113 1
1.480404 1
0.148752 1
1.213271 1
0.821230 1
0.311281 1
0.156015 1
0.112043 1
0.209970 1
0.222767 1
0.383048 4
0.102476 1
1.428200 1
0.238318 1
0.229177 1
0.130187 1
0.106407 1
0.150483 1
0.281843 1
1.224695 11
0.034331 8
0.000025 60
5.194863 1
0.175672 1
0.179745 1
0.255962 1
0.149689 1
1.636179 1
0.106968 1
0.231711 1
0.157670 1
0.901155 1
0.209477 1
1.545072 1
0.701172 1
0.379013 1
0.226475 1
0.521321 1
0.356720 1
0.980118 1
0.160193 1
0.059657 1
0.142728 1
0.199654 1
1.394027 1
0.258711 1
0.123774 1
0.194059 1
0.268347 1
1.518902 1
0.516891 1
0.223035 1
0.110160 1
0.195612 1
0.219703 1
1.064927 11
0.034061 68
2.176860 1
0.409091 1
0.149576 1
0.169486 1
2.995372 1
0.725055 1
0.740115 1
0.186591 1
0.261372 1
0.342837 1
1.905604 1
0.265926 1
0.167021 1
2.134638 4
0.167198 4
0.508480 1
0.142260 1
1.753711 1
0.415473 1
0.365713 1
0.159157 1
0.439575 1
0.300375 1
0.567637 1
3.013562 11
0.016260 68
4.442374 1
0.172673 1
0.168937 1
0.179770 1
1.616359 1
0.419172 1
0.129067 1
0.203891 1
0.145724 1
0.179832 1
0.209034 1
0.299035 1
1.146082 1
0.169575 1
0.342115 1
0.306307 1
4.015017 1
0.339394 1
0.188893 1
0.101542 1
0.197898 1
0.247833 1
1.020417 1
0.432815 1
0.472659 1
0.159873 1
0.103428 1
0.385498 4
0.131262 1
0.261732 1
0.228691 1
4.809405 11
0.020098 68
2.436221 1
0.097695 1
0.152651 1
0.127096 1
2.195887 1
0.515204 1
0.156222 1
0.197538 1
0.366730 5
3.508144 1
0.277006 1
0.964070 1
0.496267 1
0.325868 1
0.129510 1
0.172536 1
0.193045 1
1.497285 1
0.665368 1
0.276450 1
1.229043 1
0.238348 1
0.239244 1
0.159766 1
6.242167 11
0.026369 68
5.589951 1
0.152645 1
0.169541 1
0.230726 1
0.916166 1
0.412954 4
0.133062 4
0.133105 4
0.138511 4
0.117730 4
0.112962 1
0.129348 1
3.872509 1
0.106741 1
0.121740 1
0.220322 1
0.180568 1
1.546783 1
0.276300 1
2.109420 1
0.596341 1
0.104754 1
0.206153 1
0.159729 1
1.257729 1
0.459385 1
0.346366 1
0.172149 1
0.244661 1
0.185378 1
0.118796 1
0.141210 1
0.756060 11
0.034147 65
0.000488 71
0.014546 111
0.017025 74
0.001282 60
0.005428 25
5.837672 2
0.001302 55
3.190967 2
0.026304 54
0.005034 235
1.956477 1
0.666551 1
0.212582 1
0.230057 1
0.428634 3
0.141602 1
0.205689 1
0.120041 1
0.159029 1
0.708974 2
0.000030 31
1.198000 1
0.229622 2
0.000052 35
0.315630 1
0.246487 2
0.000063 37
2.537744 1
0.321731 2
0.000045 18
0.931850 1
0.196999 1
0.132751 1
0.482719 1
0.335711 1
0.213194 1
0.186451 1
0.147385 1
0.142031 1
1.387430 4
0.179463 4
0.458774 3
0.136797 3
0.142649 6
0.130102 3
0.136868 3
0.129518 6
0.119756 3
0.129871 3
0.129394 3
0.136182 3
0.143193 3
0.221877 3
0.197715 1
0.491974 3
0.137396 1
0.368690 1
0.233346 1
0.158785 1
0.129933 1
0.132819 1
0.596169 2
0.005882 60
1.001648 1
0.300454 2
0.002710 68
10.144823 1
0.092034 1
0.139091 1
0.166687 1
0.159400 1
0.229263 1
0.098679 1
0.203738 1
0.183263 1
0.322706 1
0.210162 1
0.296630 1
0.331935 4
0.088395 1
3.015629 1
0.139618 1
0.139856 1
0.359517 1
1.158053 1
1.646190 1
0.126996 1
0.116798 1
0.185824 1
0.232424 1
1.355251 1
0.678198 1
0.372426 1
0.234201 1
0.184266 6
3.268249 11
0.026185 8
0.000036 60
3.063022 1
0.186188 1
0.111340 1
0.888016 1
0.718700 1
0.616249 1
0.548777 1
0.139061 1
0.414999 1
0.919967 1
0.804398 1
0.329744 4
0.176678 1
0.252714 1
0.252734 1
0.228105 1
2.948397 1
0.188979 1
0.266319 1
0.202640 1
1.364308 1
0.231735 1
0.127247 1
0.103193 1
0.132926 1
0.156484 1
0.530786 1
0.587864 1
0.647878 1
0.209313 1
0.176776 1
1.409414 1
0.290250 1
0.326777 1
1.104129 11
0.024705 68
7.484880 1
0.132606 1
0.198546 1
0.120791 1
0.176303 1
1.059793 1
0.200373 1
0.248847 1
0.230427 1
0.408914 1
0.629193 1
0.187518 1
0.091713 1
0.246571 1
1.419509 1
0.220863 1
0.089060 1
0.117292 1
0.119710 1
0.176270 1
0.413752 1
5.618081 11
0.023366 68
1.455578 1
0.117345 1
0.192118 1
0.786931 4
0.141120 4
0.157824 1
0.096477 1
0.183245 1
2.079338 4
0.297971 4
0.187879 4
0.508768 1
0.230462 1
0.123134 1
0.161670 1
2.230282 1
0.131334 1
0.608056 1
0.290334 4
0.110449 1
0.149253 1
0.249628 1
0.987895 1
0.166927 1
0.185826 1
2.025330 1
0.147293 1
0.139816 1
0.249054 1
0.288800 1
0.916687 11
0.033527 68
7.749238 1
0.173102 1
0.389586 1
0.102346 1
0.876314 1
0.216490 1
0.249541 1
0.139777 1
0.233236 1
0.635985 1
1.438026 1
0.497177 1
0.260342 1
0.231509 1
1.597248 1
0.198667 1
0.103438 1
0.658041 107
0.809513 1
0.318647 4
3.947516 11
0.008347 1787
0.001470 8
0.000030 60
2.748095 20
0.868523 49
45.324180 1
0.171341 1
0.149539 1
0.161595 1
1.016739 1
0.439523 1
0.120853 1
0.208265 1
0.130727 1
0.257031 1
0.212870 1
0.147748 1
1.627985 1
0.247487 1
0.129782 1
9.769965 1
0.000012 1
0.000085 2
0.000128 1
0.000135 1
0.602602 4
1.306791 1
0.716726 1
0.512349 1
0.186340 1
0.142152 1
5.967038 1
0.752376 1
0.218474 1
2.162978 1
0.699667 1
0.216818 1
1.156216 1
0.146093 1
0.089765 1
4.710628 1
0.447185 1
0.202804 1
0.179312 1
0.818534 1
0.815609 1
0.153036 1
0.494129 2
0.085428 1
0.904834 1
0.282269 1
0.356457 1
0.322057 1
0.206409 1
0.160772 1
2.860343 1
0.267699 1
0.395218 1
5.295500 1
0.000286 2
0.000112 6
0.000102 2
2.140122 11
0.035650 68
10.736702 1
0.160721 1
0.199117 1
0.328854 1
3.631970 1
0.221794 1
0.259531 1
0.139687 1
0.528992 1
0.086490 1
0.212792 1
0.156965 1
3.336555 1
0.379779 1
0.208774 1
0.219885 1
0.266597 1
0.221521 1
1.007021 11
0.032824 63
0.000430 69
0.015164 107
0.015763 72
0.001134 60
0.005126 25
3.834238 2
0.001296 55
3.600861 2
0.018454 54
0.004363 233
1.966720 1
0.085876 1
0.372588 1
0.136677 1
0.189658 1
1.080998 33
2.474618 1
0.247665 2
0.000092 35
0.368577 1
0.216274 2
0.000042 37
4.019726 1
0.775529 2
0.000036 18
1.519895 1
0.199732 1
0.118852 1
0.267113 1
0.698713 3
0.162272 1
0.659658 1
0.315784 1
0.200844 1
0.141753 1
0.129299 1
0.909025 2
0.010962 60
0.944792 1
0.215580 2
0.003365 68
13.498352 1
0.136617 1
0.113252 1
0.176621 1
0.312314 1
0.905551 1
0.091400 1
0.268625 1
0.872658 1
0.077941 1
0.369440 1
0.822509 1
0.226098 1
1.365764 1
0.589546 4
0.558580 1
0.167382 1
0.072824 1
0.116307 1
0.753020 1
0.854665 1
0.744970 1
0.000082 3
0.542672 11
0.016083 285
0.001488 68
22.663570 1
0.198864 1
0.252792 1
0.112851 1
0.299658 1
1.051715 1
0.109693 1
0.218189 1
0.158103 1
0.245403 1
0.233500 1
0.142919 1
0.302515 1
0.686114 1
0.206624 1
0.558243 1
0.289024 1
0.222547 1
0.213099 1
0.153258 1
0.273367 1
0.934723 1
0.191992 1
0.091434 1
0.205163 1
0.176726 1
0.335600 1
2.355439 11
0.028396 68
14.501498 1
0.119504 1
0.192802 1
0.174570 1
0.213679 1
1.258761 1
0.098369 1
0.220520 1
0.837678 1
0.308254 1
0.598896 1
0.102408 1
1.663130 1
0.261343 1
0.073895 1
0.170028 1
0.106543 1
0.338862 1
1.027840 11
0.033506 68
37.614337 1
0.266309 1
0.099671 1
0.160818 1
0.990106 1
0.546116 1
0.111353 1
0.210972 1
0.719703 1
0.757037 1
0.216869 1
1.111724 1
0.646645 1
0.181177 1
0.715198 1
0.492769 1
0.911801 4
0.803547 11
0.001128 1187
0.000007 478
0.000030 1536
0.000006 460
0.000057 288
0.000010 1446
0.000005 355
0.000005 123
0.000005 142
0.000004 88
0.000005 320
0.000004 134
0.000109 3586
0.000010 937
0.000296 68
39.733338 1
0.149459 1
2.695731 1
0.130792 1
2.723457 1
0.526732 1
0.291469 1
0.140023 1
0.338340 1
0.084050 1
0.206032 1
0.170873 1
1.056810 1
0.166878 1
0.101753 1
0.177910 1
0.102913 1
1.497588 1
2.572316 11
0.036075 63
0.000495 69
0.009992 107
0.015795 72
0.001468 60
0.006537 25
5.541425 2
0.001134 55
3.375288 2
0.024526 54
0.004468 233
1.767938 1
0.086181 1
0.207855 1
0.081999 1
0.292603 1
2.223506 2
0.000092 31
0.727844 1
0.217616 2
0.000042 35
0.261162 1
0.206175 2
0.000048 37
0.293147 1
0.656762 2
0.000047 18
1.218114 1
0.269408 1
0.656261 1
0.488581 1
0.672167 1
0.247041 1
0.181890 1
0.144366 1
0.260046 1
0.575679 2
0.010486 60
0.980679 1
0.169642 2
0.003064 68
20.978110 1
0.327311 1
0.737504 1
0.132192 1
0.137205 1
0.161839 1
0.069258 1
0.086462 1
0.226698 1
0.159479 1
1.171447 1
0.668723 1
0.137059 1
0.142153 1
0.366814 1
0.983421 1
0.126875 1
0.406580 1
0.228004 4
0.559467 11
0.026954 75
0.000761 63
0.000054 61
0.000232 105
0.000034 429
0.000097 475
0.000084 254
1.489540 22
0.009589 22
0.014251 23
0.008837 23
0.013957 23
0.010238 6
0.000024 17
0.013204 6
0.000135 31
0.000022 93
0.023038 6
0.000082 79
0.000008 56
0.023291 6
0.000070 12
0.000026 133
0.044684 6
0.000086 12
0.000068 136
0.031152 6
0.000083 28
0.000032 121
0.053208 6
0.000078 28
0.000048 111
0.112778 6
0.000101 28
0.000026 134
0.015507 6
0.000084 140
0.015050 6
0.000074 28
0.000033 123
0.012081 6
0.000063 12
0.000112 268
0.019677 6
0.000034 28
0.000060 254
0.028783 6
0.000031 12
0.000022 31
0.025325 18
0.028033 6
0.000050 12
0.035647 18
0.066043 18
0.057772 18
0.010074 18
0.010153 18
0.010982 18
0.015140 18
0.031218 18
0.048064 18
0.046012 18
0.045855 18
1.581733 21
0.261276 21
0.237318 21
0.335152 19
0.515990 19
0.014644 19
0.044707 19
0.023969 19
0.024617 19
0.027288 19
0.623033 19
0.000128 21
0.038089 18
0.000029 3
0.315062 6
0.000011 15
0.439709 23
0.243106 19
0.501921 18
0.000022 1
0.049737 6
0.000023 12
0.000016 1
0.008184 6
0.000043 13
0.038966 19
0.023731 19
0.030271 19
0.041271 19
0.021622 19
0.031512 19
0.029310 19
0.024314 19
0.029582 18
0.000067 1
0.047399 19
0.017489 18
0.000012 1
0.025598 19
0.046880 19
0.013768 19
0.053337 19
0.006219 19
0.047881 19
0.016953 6
0.000024 12
0.000008 1
0.026943 19
0.063435 19
0.000730 19
0.035583 19
0.025522 19
0.029173 19
0.028960 19
0.030357 19
0.034509 19
0.040734 19
0.015454 19
0.037622 19
0.036970 19
0.024191 18
0.000036 1
0.023662 19
0.029988 19
0.027187 19
0.034229 18
0.000024 1
0.026520 19
0.037661 19
0.029292 19
0.035220 19
0.019236 18
0.000029 1
0.044980 18
0.000033 1
0.020918 19
0.039409 19
0.017128 6
0.000009 12
0.000060 1
0.024845 19
0.029585 19
0.049603 19
0.011289 18
0.000033 1
0.039709 19
0.020137 19
0.034467 19
0.039139 19
0.015213 19
0.031551 6
0.000064 13
0.028287 19
0.030959 18
0.000022 1
0.048071 19
0.015954 19
0.025622 19
0.061224 19
0.000683 19
0.070706 19
0.000809 19
0.180783 19
0.189711 66
2.899060 6
0.000055 116
1.051581 6
0.000064 60
0.211324 6
0.000078 150
0.789356 6
0.000065 116
0.783993 6
0.000048 63
1.780255 6
0.000044 150
0.264032 6
0.000040 116
1.378566 6
0.000044 63
1.560998 6
0.000050 116
1.788470 6
0.000065 13
0.528023 23
0.662866 19
0.720478 19
0.000092 19
0.030579 19
0.045882 19
0.018694 19
0.034398 18
0.000053 1
0.021071 19
0.040096 19
0.019853 19
0.031313 6
0.000017 12
0.000037 1
0.028635 19
0.036492 19
0.024527 19
0.029972 19
0.028881 18
0.000039 1
0.030835 19
0.030186 19
0.031517 19
0.033055 19
0.030478 19
0.031473 19
0.022534 6
0.000035 13
0.032424 19
0.026486 19
0.034266 18
0.000021 1
0.032721 19
0.023238 19
0.050346 19
0.009449 19
0.039864 6
0.000037 13
0.023445 19
0.029463 18
0.000084 1
0.029265 19
0.072293 19
0.000540 19
0.034198 18
0.000010 1
0.031017 19
0.031817 19
0.023101 19
0.029324 19
0.029735 19
0.031154 19
0.079221 19
0.000674 19
0.032193 19
0.027708 6
0.000020 12
0.000031 1
0.029932 19
0.043752 19
0.212440 19
0.153612 19
0.169585 19
0.230000 6
0.000009 61
9.772371 6
0.000020 116
0.972952 19
0.000008 48
1.805979 6
0.000137 66
0.001555 68
5.794489 1
0.585209 4
0.654083 1
0.171498 1
0.299543 1
0.157726 1
0.868206 1
0.640139 1
0.246667 1
0.839742 1
0.746710 1
0.059840 1
1.160496 1
0.229723 1
0.369162 1
1.587527 1
0.487241 1
0.119816 1
0.150345 1
1.077232 1
0.406942 1
0.618977 1
0.229895 1
0.228739 1
0.411627 1
0.160524 1
1.174756 1
0.222633 1
0.189587 1
0.216297 1
0.119794 1
0.239712 1
1.847006 11
0.020607 8
0.000028 60
1.652631 30
0.209521 81
0.583981 11
0.009489 8
0.000037 67
0.000342 63
0.000045 61
0.000213 105
0.000039 429
0.000119 408
0.000051 131
0.000027 190
1.237037 22
0.009378 22
0.011648 23
0.009764 23
0.015591 23
0.016153 23
0.015039 6
0.000053 20
0.000048 104
0.015381 6
0.000056 46
0.000023 89
0.029410 6
0.000094 145
0.025133 6
0.000083 148
0.021914 6
0.000078 28
0.000046 121
0.024872 6
0.000049 28
0.000097 111
0.008918 6
0.000064 162
0.036341 6
0.000068 140
0.009380 6
0.000064 12
0.000046 139
0.025194 6
0.000056 76
0.000028 204
0.020189 6
0.000079 28
0.000018 114
0.000081 140
0.025539 6
0.001047 43
0.014236 18
0.014839 18
0.009222 18
0.010127 18
0.011856 18
0.011684 18
0.011726 18
0.009373 18
0.013926 18
0.033065 18
0.010115 18
0.035685 18
0.010086 18
0.035464 18
0.010174 18
0.035617 18
0.035468 18
0.048488 18
0.724462 21
0.164053 19
0.523338 19
0.013908 19
0.023651 19
0.037036 18
0.000071 1
0.022206 19
0.031068 19
0.043806 19
0.017317 19
0.037443 6
0.000010 13
0.031675 19
0.021506 19
0.045161 19
0.034783 19
0.008124 19
0.041460 19
0.018653 19
0.029349 19
0.052166 19
0.007788 19
0.031724 19
0.028140 19
0.029708 19
0.042639 19
0.017780 6
0.000019 13
0.030186 19
0.029729 19
0.030114 19
0.029245 18
0.000035 1
0.031461 19
0.038280 19
0.021062 19
0.030239 19
0.042408 19
0.026092 19
0.021070 18
0.000043 1
0.029926 6
0.000041 13
0.040056 19
0.019715 18
0.000010 1
0.029817 6
0.000061 13
0.029595 19
0.033352 18
0.000044 1
0.028105 19
0.029509 19
0.040103 19
0.023578 19
0.033035 19
0.023096 19
0.030067 6
0.000007 13
0.031545 18
0.000030 1
0.038814 19
0.019543 19
0.040831 18
0.000049 1
0.022001 19
0.043819 6
0.000067 13
0.012522 19
0.034281 6
0.000087 13
0.031595 19
0.029755 19
0.024006 19
0.031696 19
0.030115 19
0.035805 19
0.023825 19
0.035594 18
0.000024 1
0.023823 19
0.029614 6
0.000046 13
0.036395 19
0.026500 19
0.029008 19
0.030430 6
0.000094 13
0.028591 19
0.029957 18
0.000008 1
0.143224 18
0.000020 1
0.165020 19
0.129820 19
0.164195 19
0.204729 6
0.000045 66
1.397215 6
0.000044 13
0.621640 19
0.000103 19
0.030196 18
0.000033 1
0.033742 19
0.032194 19
0.023414 19
0.042415 18
0.000047 1
0.033879 19
0.039031 19
0.006395 19
0.035928 19
0.031690 19
0.020304 19
0.030638 19
0.030474 19
0.030204 19
0.030256 19
0.033777 18
0.000009 1
0.025625 19
0.038635 19
0.126673 18
0.000011 1
0.099587 19
0.094404 19
0.110461 19
0.096478 19
0.082167 19
0.092874 19
0.017405 19
0.055192 19
0.120189 19
0.044701 19
0.670588 6
0.000200 66
0.001704 68
9.312656 1
0.140284 1
0.116288 1
0.192539 1
0.129185 1
6.493858 1
0.598884 1
0.126000 1
0.485393 1
0.180581 1
0.188417 4
0.136983 4
0.139804 4
0.122483 4
0.173218 4
0.772625 1
0.071988 1
0.210582 1
0.139994 1
0.766934 1
0.926739 1
0.190704 1
0.467575 1
0.122374 1
0.189111 1
0.440316 1
0.237497 1
0.199742 1
0.120278 1
0.207454 1
1.180268 11
0.014103 113
0.001677 68
1.870323 20
0.286596 31
0.800039 11
0.009364 8
0.000046 67
0.000316 63
0.000036 61
0.000208 105
0.000043 429
0.000123 286
0.000038 60
0.000082 383
0.640084 22
0.529139 22
0.000076 22
0.030888 22
0.031076 22
0.029206 22
0.031070 22
0.062967 18
0.000033 5
0.000157 23
0.031588 18
0.000021 5
0.032741 23
0.026151 23
0.045091 23
0.022161 23
0.023768 23
0.033861 23
0.025083 23
0.030341 23
0.029673 18
0.000017 5
0.029845 6
0.000075 78
0.034192 6
0.000082 81
0.025771 34
0.000012 43
0.030427 6
0.000052 69
0.041519 6
0.000075 28
0.000032 40
0.028023 6
0.000033 28
0.000036 42
0.027773 18
0.000045 64
0.022314 6
0.000040 12
0.000007 16
0.000035 44
0.029529 6
0.000042 28
0.000039 50
0.029840 6
0.000026 12
0.000019 59
0.032498 18
0.000032 60
0.032629 18
0.000011 61
0.026768 18
0.000098 58
0.036868 6
0.000125 28
0.000033 51
0.023986 18
0.000054 58
0.027222 6
0.000072 73
0.034032 6
0.000069 69
0.025379 88
0.033475 6
0.000063 78
0.033875 18
0.000052 63
0.040104 6
0.000056 70
0.015827 34
0.000008 15
0.000008 28
0.027958 6
0.000040 72
0.034044 18
0.000034 31
0.000168 27
0.023626 18
0.000056 72
0.036493 6
0.000017 70
0.024515 6
0.000009 28
0.000056 40
0.029838 6
0.000066 145
0.029946 6
0.000053 28
0.000046 117
0.035777 6
0.000046 145
0.026175 6
0.000010 28
0.000040 42
0.029318 18
0.000033 62
0.029425 18
0.000035 31
0.036074 18
0.022353 18
0.039737 18
0.023826 18
0.026782 18
0.031451 18
0.032513 18
0.025868 18
0.029448 18
0.030960 18
0.036273 18
0.023757 18
0.085920 21
0.238266 21
0.804157 19
0.365264 18
0.000009 3
0.183364 19
0.862782 19
0.000075 19
0.030724 19
0.032059 19
0.028041 19
0.029976 19
0.065912 19
0.000833 19
0.030085 18
0.000054 1
0.030581 19
0.035273 19
0.023688 19
0.029951 19
0.033428 19
0.026107 6
0.000008 13
0.033991 6
0.000006 12
0.000006 1
0.025428 19
0.030980 19
0.029855 19
0.034143 18
0.000187 1
0.028456 19
0.027428 19
0.034089 18
0.000050 1
0.028481 19
0.043379 19
0.020329 19
0.022760 19
0.030722 18
0.000021 1
0.030048 19
0.029493 19
0.336051 18
0.000027 8
0.359462 18
0.000007 8
0.558891 18
0.000033 6
0.609132 26
6.961446 6
0.000131 26
0.000032 40
0.001661 68
12.742206 1
0.159889 1
0.146493 1
0.169788 1
0.150688 1
0.291898 1
0.122699 1
0.203418 1
0.149500 1
0.151330 1
0.201427 1
0.178800 1
2.113616 1
0.249108 1
0.262281 1
1.537442 1
0.385485 1
0.079829 1
0.189906 1
0.112102 1
0.367679 1
1.469664 11
0.024316 68
2.695584 1
0.073743 1
2.028843 2
1.055139 1
0.186809 1
0.520814 1
0.131335 1
4.362612 1
0.000058 1
0.000076 1
0.000039 1
0.000070 1
1.215104 1
0.318469 1
3.603274 1
0.120011 1
0.263278 1
0.173757 1
0.069358 1
0.122664 1
1.105467 1
0.588533 1
0.182079 1
0.839456 1
0.225739 1
0.265889 1
0.213881 1
5.451738 11
0.023932 68
4.258644 1
0.146924 1
0.126626 1
0.164527 1
0.766414 1
0.604935 1
0.123521 1
0.210183 1
0.151615 1
0.147928 1
0.199410 1
0.488374 1
0.279477 1
0.281931 1
0.323354 1
0.323816 1
1.070622 1
0.567127 1
0.149766 1
0.277876 1
0.212110 1
0.146561 1
0.170784 1
1.796454 1
0.368186 1
0.116346 1
0.185103 1
0.137560 1
1.209916 11
0.021617 68
2.355276 1
0.108385 1
0.168929 1
0.170781 1
0.179625 1
0.467233 1
0.221792 1
0.129266 1
0.227357 1
0.311509 1
0.326764 1
0.211368 1
0.279491 1
3.781205 1
0.148600 1
0.302054 1
11.773418 1
1.184296 1
0.114422 1
1.629162 4
0.187490 4
8.770799 1
0.490475 4
0.371172 1
0.577782 1
0.249909 4
6.868056 12
0.000037 1
0.000517 4
0.956569 1
0.269054 1
0.122436 1
1.354057 1
0.896222 1
1.092451 1
0.239785 1
0.149009 1
0.208513 1
0.629914 1
0.445909 1
0.199973 1
0.305948 1
0.152887 1
0.162037 1
0.180131 1
5.320165 11
0.019235 68
12.843018 1
0.441234 4
1.179015 1
0.118891 1
0.190316 1
0.159744 1
0.140148 1
0.168887 1
0.078498 1
0.098233 1
0.261734 1
1.309007 1
0.358472 1
0.429230 1
1.125971 1
1.369005 1
0.118736 1
0.351473 1
0.115554 1
1.234279 1
0.243178 1
0.798381 11
0.009735 8
0.000037 67
0.000389 63
0.000069 60
0.000494 534
0.000523 377
0.000006 10
0.000024 119
0.000040 351
1.673282 22
0.501098 22
0.031918 22
0.030532 22
0.027504 22
0.028458 22
0.031055 6
0.000060 16
0.030832 23
0.030410 23
0.029936 23
0.031258 23
0.026842 23
0.032164 23
0.028592 23
0.034187 23
0.025974 23
0.029523 23
0.029702 23
0.031411 23
0.033906 52
0.027195 6
0.000109 121
0.027238 6
0.000036 12
0.000054 16
0.000043 73
0.032075 6
0.000054 12
0.000043 78
0.048194 18
0.000052 16
0.000075 15
0.016325 6
0.000081 154
0.025096 6
0.000064 12
0.000048 114
0.035752 6
0.000054 43
0.000010 35
0.022199 6
0.000026 12
0.000050 31
0.030676 6
0.000119 127
0.028806 6
0.000118 207
0.030496 18
0.000109 31
0.034728 6
0.000149 136
0.040376 6
0.000191 12
0.000059 262
0.013755 6
0.000093 129
0.045837 6
0.000312 62
0.014113 6
0.000022 12
0.000095 31
0.030361 6
0.000096 28
0.000007 122
0.029490 6
0.000079 12
0.000044 31
0.000006 73
0.029688 6
0.000009 12
0.000026 138
0.056472 6
0.000065 12
0.000032 52
0.003109 18
0.000008 31
0.048128 6
0.000068 12
0.000052 124
0.011832 6
0.000113 133
0.032717 6
0.000110 116
0.028033 6
0.000064 12
0.000011 71
0.030108 18
0.000047 31
0.028532 6
0.000160 184
0.038388 6
0.000117 227
0.021703 6
0.000081 53
0.000007 71
0.030843 6
0.000108 132
0.033407 6
0.000116 12
0.000010 108
0.030564 34
0.000044 48
0.026530 6
0.000070 64
0.028964 6
0.000030 12
0.000041 61
0.031586 6
0.000083 12
0.000051 50
0.032903 6
0.000127 43
0.000009 19
0.024580 18
0.000008 16
0.000027 15
0.034490 6
0.000102 183
0.026366 6
0.000116 12
0.000057 153
0.037806 6
0.000085 64
0.022897 6
0.000106 125
0.037963 18
0.000078 50
0.019649 6
0.000094 28
0.000042 78
0.029312 18
0.000039 31
0.030505 6
0.000096 28
0.000043 84
0.029938 6
0.000069 43
0.000034 73
0.032162 6
0.000051 12
0.000007 16
0.000043 61
0.030570 6
0.000177 138
0.026989 6
0.000086 62
0.029343 6
0.000057 28
0.000069 34
0.054250 6
0.000010 28
0.000092 34
0.006053 18
0.000037 52
0.049231 18
0.000038 31
0.022727 6
0.000125 12
0.000031 103
0.025721 6
0.000035 12
0.000044 144
0.021845 6
0.000073 28
0.000060 246
0.030777 6
0.000058 28
0.000046 72
0.036661 6
0.000092 28
0.000019 76
0.022925 6
0.000080 28
0.000042 78
0.029805 18
0.000051 31
0.030090 6
0.000121 12
0.000047 113
0.029601 6
0.000093 106
0.038216 6
0.000083 106
0.027818 6
0.000014 28
0.000051 34
0.025299 18
0.000018 31
0.033660 6
0.000038 28
0.000018 15
0.000023 50
0.024052 6
0.000127 169
0.034045 6
0.000036 43
0.032594 6
0.000086 28
0.000038 54
0.026427 6
0.000050 12
0.000031 80
0.027375 6
0.000067 12
0.000056 78
0.041079 6
0.000051 12
0.000050 78
0.018691 6
0.000049 28
0.000034 15
0.075620 6
0.000089 28
0.000075 121
0.000554 6
0.000034 79
0.030185 6
0.000171 169
0.029211 18
0.000041 31
0.032833 6
0.000076 28
0.000017 52
0.065011 6
0.000073 12
0.000009 114
0.000638 122
0.042918 6
0.000112 123
0.018862 18
0.000043 31
0.039206 6
0.000044 12
0.000096 31
0.000035 110
0.020413 6
0.000061 61
0.048942 6
0.000009 28
0.000058 34
0.008814 6
0.000028 43
0.030745 6
0.001028 127
0.027874 6
0.000169 28
0.000011 100
0.047140 6
0.000062 28
0.000060 60
0.012839 6
0.000101 134
0.035894 6
0.000040 12
0.000054 168
0.031716 6
0.000073 88
0.042125 6
0.000093 28
0.000035 132
0.014127 6
0.000048 28
0.000056 38
0.030491 49
0.000043 19
0.025189 6
0.000054 62
0.032501 6
0.000019 28
0.000038 15
0.027662 18
0.031595 18
0.028563 18
0.029237 18
0.030997 18
0.028325 18
0.031982 18
0.029911 18
0.031088 18
0.028869 18
0.039760 18
0.018322 18
0.030781 18
0.029942 18
0.030084 18
0.040119 18
0.022064 18
0.035927 18
0.029920 18
0.021800 18
0.032467 18
0.028942 18
0.028901 18
0.145254 18
0.165523 18
0.133486 18
0.145294 18
0.144078 6
0.000017 12
0.105466 18
0.868368 34
0.000100 41
0.868202 19
0.309733 6
0.000010 13
0.109611 19
0.186356 6
0.000035 42
0.141792 6
0.000033 29
1.369225 6
0.000056 15
0.756798 6
0.000086 13
1.338333 6
0.000029 13
0.548255 6
0.000031 13
0.115905 19
0.299586 6
0.000030 13
0.121642 6
0.000008 13
1.890907 6
0.000027 15
0.155899 6
0.000053 15
0.130155 6
0.000033 15
0.298935 6
0.000034 15
0.159494 6
0.000029 29
0.552763 6
0.000010 15
0.276006 6
0.000031 13
0.487994 6
0.000032 13
0.138912 6
0.000041 13
0.082192 6
0.000080 13
0.322580 19
2.010073 6
0.000011 13
1.099899 6
0.000036 29
0.335858 6
0.000056 15
0.150520 6
0.000077 15
0.468818 6
0.000008 13
0.508922 6
0.000046 15
0.239480 6
0.000043 13
0.498806 6
0.000035 12
0.000053 17
2.588429 6
0.000034 31
1.473652 6
0.000032 29
0.709595 6
0.000088 13
0.102497 6
0.000035 13
0.205516 6
0.000041 13
0.172777 6
0.000053 13
0.199775 6
0.000046 13
0.555598 6
0.000030 13
1.956993 6
0.000025 29
1.189105 6
0.000011 61
0.430056 6
0.000037 70
0.199568 6
0.000030 29
0.380417 6
0.000022 62
4.260267 6
0.000239 42
0.007707 28
0.000128 78
0.960793 6
0.000212 66
0.002188 68
13.342672 1
0.691282 1
0.085421 1
0.304579 1
1.266870 1
0.425557 1
0.919134 1
0.186365 1
1.735660 1
0.079873 1
0.129811 1
1.280221 1
0.179667 1
0.257134 1
0.189405 1
4.411386 1
0.159812 1
1.467880 2
0.578625 4
0.157866 1
0.854722 1
0.435273 1
0.163344 1
1.873859 1
0.495998 1
0.763948 1
1.334136 1
0.258722 1
1.069103 1
0.000084 1
0.000082 1
0.118857 1
0.148565 1
0.626833 1
0.768866 1
0.128858 1
1.521252 1
0.368750 1
0.629055 1
0.231806 1
0.156850 1
1.178164 1
1.345322 1
0.124557 1
0.203991 1
0.158140 1
12.128116 1
0.217013 1
1.839595 1
0.109015 1
1.367515 1
0.646241 4
0.150890 4
0.207586 4
0.172021 4
0.337416 4
0.209583 1
0.231285 1
0.229560 1
0.158231 1
0.120288 1
0.171300 1
0.130880 1
0.445485 4
0.171621 1
1.176499 1
0.180921 1
0.110014 1
0.216964 1
0.231537 1
0.926175 1
0.119356 1
0.183823 1
0.871123 1
0.000006 1
0.146062 1
1.287036 1
0.160922 3
0.256543 1
1.007061 1
0.928294 1
0.182445 1
0.116330 1
0.266841 1
1.711704 1
1.337959 1
0.237452 1
0.221884 1
0.158807 1
0.203846 1
1.201220 1
1.128029 1
0.352175 1
0.688339 1
0.189222 1
0.160933 1
0.216044 1
0.152025 1
0.180209 1
0.997972 1
0.099676 1
0.148702 1
0.207721 1
0.465567 1
0.119740 1
0.222831 4
0.159737 4
0.079822 1
0.132503 1
0.782374 1
0.472676 1
0.979817 1
0.120787 1
0.159703 1
1.696621 1
1.506685 1
0.139167 1
0.735991 1
0.442106 1
0.751849 1
1.852770 1
0.578814 4
0.596046 1
5.083847 5
3.488569 1
0.162587 1
2.367039 3
19.355983 11
0.014740 73
0.001711 68
3.369521 108
4.015835 1
0.364465 3
0.440023 4
0.201991 4
0.177274 4
0.209210 4
0.387910 4
0.407251 1
0.152327 1
0.129292 1
1.394554 1
2.716644 11
0.008805 73
0.001321 8
0.000010 60
2.034848 1
0.270709 1
0.068618 1
0.208516 1
0.191846 1
1.048576 11
0.000097 2
0.000057 68
1.142453 5
0.826890 1
0.535513 4
0.299530 1
0.885732 1
0.130043 1
0.510755 1
0.111473 1
0.783872 1
0.153500 1
0.086343 1
0.811945 1
2.123782 1
0.450553 1
0.744978 1
0.412522 4
0.096080 1
0.073101 1
0.157056 1
0.329984 4
0.312305 1
0.358425 1
0.107342 1
0.111954 1
1.464614 1
0.112336 1
0.130990 1
0.301714 1
0.804113 1
0.157260 1
0.850864 1
0.138319 1
1.017575 1
0.114497 1
0.239463 1
0.475348 1
1.213327 1
0.207405 1
0.419268 1
0.329851 1
0.890334 1
0.128022 1
0.202461 1
0.148566 1
0.209823 1
3.659716 11
0.009370 10
0.001413 68
9.134616 1
0.048707 1
0.416806 4
0.121949 4
0.107669 1
0.172225 1
0.110150 1
0.398033 1
0.087498 1
0.182493 1
0.357466 1
0.061880 1
0.097405 1
0.172562 1
0.446302 1
4.796650 1
1.723929 1
0.148490 1
0.800096 1
4.350746 1
5.096901 1
0.129296 1
0.222721 1
0.458627 1
0.938907 1
0.196320 1
1.000970 1
0.156365 1
0.369754 1
1.551534 2
0.810048 11
0.009136 62
0.000011 13
0.000239 63
0.006278 62
0.000427 105
0.000072 429
0.000204 367
0.000109 611
1.693388 22
0.500291 22
0.029948 22
0.029870 18
0.000039 4
0.067053 18
0.000229 4
0.000259 22
0.039883 22
0.019765 23
0.029771 18
0.000030 5
0.030541 23
0.035542 23
0.024838 23
0.030405 23
0.038113 23
0.024836 23
0.028488 23
0.028651 23
0.028349 23
0.031402 23
0.398453 6
0.000059 31
0.000047 87
0.500746 6
0.000057 28
0.000009 15
0.000006 91
0.033554 6
0.000048 97
0.026781 6
0.000059 28
0.000042 117
0.028260 6
0.000007 12
0.000052 31
0.030890 6
0.000077 12
0.000018 85
0.030062 6
0.000034 28
0.000058 55
0.030976 18
0.001219 31
0.056887 6
0.000057 12
0.000061 102
0.000508 18
0.000051 97
0.057179 6
0.000085 127
0.002023 18
0.000045 100
0.041849 18
0.000037 16
0.000030 72
0.020277 6
0.000092 12
0.000034 74
0.030130 6
0.000036 12
0.000017 31
0.034200 6
0.000070 129
0.023750 6
0.000063 28
0.000041 104
0.030023 6
0.000089 125
0.029327 6
0.000035 43
0.000061 92
0.031996 6
0.000053 43
0.000053 92
0.032700 6
0.000062 67
0.036376 6
0.000039 12
0.000110 133
0.019171 6
0.000037 12
0.000031 16
0.000052 106
0.031003 6
0.000032 12
0.000032 16
0.000035 69
0.030065 34
0.000033 15
0.030005 6
0.000049 12
0.000034 31
0.000059 71
0.028924 6
0.000088 107
0.029363 6
0.000071 28
0.000062 66
0.049874 6
0.000008 12
0.000035 50
0.013215 110
0.026151 34
0.000018 59
0.056863 6
0.000072 125
0.003088 6
0.000039 28
0.000037 99
0.065347 6
0.000028 12
0.000076 103
0.000619 49
0.051120 6
0.000069 28
0.000077 15
0.000039 48
0.012045 6
0.000040 64
0.031143 18
0.000009 16
0.000006 15
0.024772 6
0.000100 28
0.000046 90
0.032544 6
0.000055 12
0.000033 16
0.000044 91
0.027633 6
0.000066 116
0.030115 6
0.000056 114
0.032068 82
0.027979 6
0.000038 43
0.052622 6
0.000042 28
0.000050 95
0.006913 93
0.031008 49
0.000037 78
0.030685 6
0.000031 28
0.000040 59
0.029182 6
0.000075 28
0.000029 67
0.034134 49
0.029146 6
0.000071 28
0.000008 93
0.026164 6
0.000008 28
0.000070 52
0.028721 6
0.000007 12
0.000049 16
0.000006 67
0.032610 6
0.001210 99
0.034690 18
0.000031 31
0.022159 6
0.000103 120
0.032512 6
0.000065 108
0.026321 85
0.030789 18
0.000012 16
0.000038 15
0.037757 6
0.000045 43
0.000081 67
0.025743 6
0.000040 12
0.000006 16
0.000066 86
0.025329 6
0.000065 80
0.033253 49
0.028686 6
0.000052 123
0.037887 6
0.000033 28
0.000031 91
0.021630 49
0.000042 18
0.030443 6
0.000064 98
0.000007 11
0.028779 6
0.000041 122
0.035940 6
0.000080 115
0.023712 6
0.000038 102
0.030370 6
0.000055 43
0.000006 50
0.029427 18
0.000007 31
0.000053 43
0.029569 18
0.000041 31
0.030799 6
0.000051 28
0.000024 15
0.000025 48
0.052811 6
0.000051 93
0.009402 49
0.028874 6
0.000010 12
0.000080 83
0.061805 6
0.000053 28
0.000009 39
0.000588 18
0.000082 55
0.056271 6
0.000012 12
0.000021 56
0.005628 6
0.000029 28
0.000021 86
0.029027 18
0.000066 31
0.029914 18
0.029594 18
0.028911 18
0.029916 18
0.029540 18
0.033977 18
0.026674 18
0.033312 18
0.028901 18
0.029599 18
0.031348 18
0.027926 18
0.032127 18
0.026894 18
0.030508 18
0.029452 18
0.029911 18
0.029434 18
0.034556 18
0.025869 18
0.346645 21
0.762579 19
0.500836 19
0.029166 19
0.033242 19
0.027099 18
0.000031 1
0.050824 19
0.009752 19
0.029125 18
0.000027 1
0.030166 18
0.000008 1
0.050087 19
0.013607 19
0.030406 19
0.026404 19
0.029632 19
0.029890 19
0.030989 19
0.029643 19
0.037490 19
0.023012 19
0.036123 19
0.030441 19
0.026192 18
0.000029 1
0.033327 18
0.000028 1
0.035610 19
0.017233 6
0.000036 13
0.030483 19
0.030517 18
0.000033 1
0.029250 19
0.029943 19
0.031022 19
0.029416 18
0.000025 1
0.032170 19
0.026655 19
0.030568 6
0.000030 13
0.030170 18
0.000024 1
0.031457 18
0.000034 1
0.030686 18
0.000042 1
0.038447 18
0.000012 1
0.018825 19
0.038774 19
0.023335 19
0.027738 19
0.030546 19
0.043914 19
0.024639 6
0.000020 13
0.022178 19
0.040122 18
0.000011 1
0.018926 6
0.000060 13
0.029779 6
0.000027 13
0.029123 19
0.031173 19
0.043509 19
0.015945 18
0.000036 1
0.040116 19
0.019876 19
0.029354 19
0.034407 19
0.048228 19
0.009911 19
0.033689 18
0.000026 1
0.024753 19
0.030039 19
0.175432 6
0.000039 13
0.154639 19
0.143924 19
0.135205 6
0.000030 13
0.114398 19
0.115971 18
0.000034 1
0.135858 19
0.137405 19
0.349348 18
0.000037 6
0.864315 26
6.357417 6
0.000030 28
0.000242 22
0.516793 18
0.000009 3
0.028340 21
0.014563 21
0.036927 21
0.023642 6
0.000076 15
0.029764 6
0.000084 15
0.034152 6
0.000039 15
0.032756 6
0.000085 13
0.000033 2
0.024307 21
0.062762 6
0.000029 15
0.000708 21
0.030033 21
0.049607 21
0.011117 6
0.000043 15
0.031084 6
0.000061 15
0.028601 6
0.000007 15
0.029336 21
0.029562 21
0.050820 19
0.015321 21
0.042265 21
0.013168 21
0.031251 21
0.054633 21
0.002426 6
0.000045 15
0.066562 21
0.000687 21
0.043010 21
0.018464 21
0.035402 19
0.023291 18
0.000031 3
0.029607 19
0.000029 2
0.036509 6
0.000119 15
0.028044 6
0.000103 15
0.027170 6
0.000007 15
0.028976 21
0.032234 6
0.000033 15
0.051038 21
0.005506 6
0.000010 15
0.030171 19
0.048466 21
0.014983 21
0.031793 6
0.000052 15
0.032654 21
0.035073 6
0.000042 15
0.031460 6
0.000041 15
0.015681 6
0.000085 15
0.046731 21
0.032868 21
0.012060 21
0.027967 21
0.030010 21
0.036294 21
0.028593 21
0.030687 21
0.023724 6
0.000034 13
0.044748 21
0.097143 21
0.181436 6
0.000022 15
0.070410 6
0.000031 15
0.103776 19
0.000053 2
0.066294 6
0.000025 15
0.134159 21
0.042691 6
0.000019 15
0.099720 6
0.000032 13
0.185928 21
0.236121 6
0.000007 12
0.000025 3
0.233254 21
0.256020 18
0.000009 4
0.318825 6
0.000103 20
0.679235 6
0.000139 42
0.007256 86
0.000009 20
0.738307 6
0.000110 66
0.001714 68
1.554053 26
1.312724 4
0.168309 4
0.127201 4
0.159146 4
0.412262 4
0.559275 1
0.219217 1
0.667884 1
0.104030 1
0.526612 11
0.009445 75
0.000278 63
0.000036 60
0.000343 105
0.000037 429
0.000084 88
1.246534 19
0.516989 19
0.028307 19
0.017746 19
0.028693 19
0.028203 19
0.031382 19
0.030220 19
0.029382 19
0.029968 19
0.038873 6
0.000061 13
0.025591 19
0.026499 19
0.067025 19
0.000566 19
0.090241 19
0.000397 19
0.031813 18
0.000038 1
0.067325 19
0.000473 34
0.055856 19
0.005388 19
0.060348 19
0.000241 19
0.105567 19
0.000568 19
0.030618 19
0.031843 19
0.033502 19
0.024094 6
0.000011 13
0.031411 19
0.027514 19
0.033093 18
0.000024 1
0.030452 19
0.038623 19
0.029859 6
0.000039 13
0.021272 19
0.030544 19
0.053867 19
0.003431 19
0.029989 6
0.000034 13
0.033395 19
0.084413 19
0.000526 19
0.032992 19
0.045378 19
0.011104 6
0.000036 13
0.031930 19
0.028186 19
0.036684 19
0.037740 6
0.000009 13
0.032496 18
0.000014 1
0.013045 18
0.000090 1
0.030002 19
0.030020 19
0.030009 19
0.032046 19
0.042152 19
0.020747 19
0.032644 19
0.038493 19
0.017103 19
0.044644 18
0.000010 1
0.012511 19
0.031352 19
0.029289 19
0.035837 19
0.023119 19
0.030479 19
0.036035 18
0.000026 1
0.024218 6
0.000032 17
0.030058 18
0.054970 18
0.004885 18
0.042177 18
0.018240 18
0.002263 25
0.525070 34
0.000189 21
0.043292 18
0.000006 3
0.027758 6
0.000033 15
0.023255 6
0.000008 12
0.000040 3
0.023706 21
0.045068 6
0.000194 15
0.015839 6
0.000053 15
0.035318 21
0.041189 21
0.017714 21
0.024945 6
0.000043 15
0.032136 6
0.000009 13
0.000020 2
0.027535 6
0.000015 12
0.000018 3
0.091453 21
0.000576 6
0.000058 15
0.035174 6
0.000150 15
0.084991 18
0.000028 3
0.000555 6
0.000038 15
0.052248 21
0.010121 19
0.086964 21
0.000492 21
0.033588 6
0.000038 15
0.026064 21
0.034436 6
0.000035 15
0.025902 21
0.030501 6
0.000027 15
0.064904 21
0.001590 6
0.000011 15
0.029486 21
0.053190 19
0.008078 21
0.028473 21
0.030155 6
0.000056 15
0.030776 21
0.032009 21
0.027467 21
0.028569 21
0.045900 21
0.021030 21
0.031597 19
0.022978 21
0.028902 21
0.049588 21
0.029518 6
0.000010 15
0.015544 6
0.000139 12
0.000039 3
0.061965 21
0.000571 18
0.000047 3
0.041300 21
0.018416 21
0.042662 21
0.017264 6
0.000033 15
0.039115 21
0.021250 6
0.000048 15
0.047106 21
0.013439 21
0.053102 19
0.005592 6
0.000040 15
0.072146 21
0.000541 21
0.030162 21
0.047984 6
0.000031 15
0.011230 21
0.038611 6
0.000064 15
0.029596 21
0.022295 6
0.000038 13
0.062779 6
0.000032 15
0.000054 18
0.000031 3
0.034785 19
0.000009 2
0.049582 22
0.005462 18
0.030142 18
0.030224 18
0.029318 18
0.030675 18
0.032138 18
0.029985 18
0.034953 18
0.423624 6
0.000152 42
0.006831 103
1.251702 6
0.000088 65
0.001534 68
3.738498 25
0.858262 49
15.464200 1
0.132623 1
0.148672 1
0.197624 1
0.291412 1
0.878574 1
0.214579 1
0.151881 1
0.743513 1
0.330869 1
0.492679 1
1.411109 1
0.567699 1
0.390321 1
4.779233 1
0.189824 1
0.229436 1
0.170925 1
0.327546 1
0.137745 1
0.395433 1
1.335016 1
0.738920 1
0.914661 1
0.910523 1
0.428685 1
0.815832 1
0.482735 1
0.198526 1
1.618983 1
0.420232 1
0.247047 1
0.266403 1
0.700163 1
0.660450 1
0.091238 6
0.708387 11
0.010859 68
9.037922 1
0.132588 1
0.149747 1
0.179293 1
0.137124 1
0.143500 1
0.112228 1
0.066782 1
0.376085 1
0.222746 1
0.316429 1
0.977897 1
0.130288 1
0.145424 1
0.345940 1
2.794839 1
0.110017 1
0.283000 1
0.362871 1
0.112230 1
0.539881 4
0.287932 1
2.129076 1
0.817351 1
0.179565 1
0.482145 2
0.117881 1
1.801592 11
0.009663 8
0.000066 67
0.000217 63
0.000083 60
0.000361 105
0.000087 429
0.000253 571
0.000052 407
1.221051 22
0.013287 22
0.011591 23
0.011205 6
0.000026 17
0.010072 23
0.009519 23
0.014053 6
0.000134 20
0.000009 11
0.000035 170
0.017011 6
0.000066 12
0.000097 195
0.014428 6
0.000087 28
0.000042 122
0.026460 6
0.000118 46
0.000049 199
0.023367 6
0.000068 28
0.000040 197
0.011604 6
0.000092 28
0.000007 182
0.023806 6
0.000120 122
0.000018 168
0.045681 6
0.000104 12
0.000018 34
0.000049 223
0.020085 6
0.000074 149
0.000025 11
0.074266 6
0.000146 104
0.000010 54
0.009434 6
0.000099 12
0.000048 231
0.013446 6
0.000021 12
0.000075 200
0.009595 6
0.000018 28
0.000044 97
0.013605 6
0.000107 12
0.000072 16
0.000019 220
0.010735 6
0.000106 160
0.012421 6
0.000106 28
0.000044 198
0.015470 6
0.000061 12
0.000030 124
0.011342 6
0.000057 118
0.000026 62
0.000005 11
0.017865 6
0.000078 28
0.001456 140
0.024031 6
0.000062 28
0.000064 129
0.020107 6
0.000096 12
0.000056 203
0.025055 6
0.000074 28
0.000136 163
0.009914 6
0.000144 187
0.035663 6
0.000152 194
0.000005 11
0.040005 6
0.000124 12
0.000021 82
0.000007 48
0.040672 6
0.000036 28
0.000036 125
0.008947 6
0.000048 12
0.000072 117
0.013732 6
0.000034 28
0.000053 15
0.009485 18
0.013562 18
0.011965 18
0.011591 18
0.022399 18
0.022460 18
0.025356 18
0.017922 18
0.025114 18
0.010004 18
0.025827 18
0.020569 18
0.025079 18
0.039846 18
0.009966 18
0.010639 18
0.011770 18
0.010264 18
0.010869 18
0.008714 18
0.015753 18
0.051210 6
0.000036 12
0.009872 18
0.025439 18
0.046196 18
0.117203 18
0.009140 18
0.029564 18
0.061751 18
0.313713 18
0.015537 18
0.031449 18
0.046249 18
0.090485 18
2.457744 6
0.000009 28
0.000215 19
0.219517 6
0.000038 13
0.431293 19
0.158546 19
0.350340 19
0.962055 19
0.232855 19
0.332451 19
0.169438 18
0.000042 42
0.948513 26
0.213992 6
0.000045 13
0.144895 21
0.942491 19
0.142936 6
0.000064 35
0.772643 21
0.321821 41
1.650422 6
0.000009 15
1.598898 41
0.701706 19
0.442081 21
0.367509 21
0.299378 41
0.221586 6
0.000009 42
0.708033 6
0.000036 22
0.667602 21
0.779092 6
0.000047 35
0.806899 19
0.658828 21
1.647736 19
0.199266 19
0.141774 6
0.000060 13
0.509216 6
0.000026 13
0.276440 19
0.375795 19
3.300172 6
0.000036 15
0.918412 6
0.000043 15
0.163442 18
0.000010 1
0.186291 6
0.000006 12
0.000007 3
0.166137 6
0.000053 15
0.206204 21
1.746810 6
0.000033 13
0.183028 6
0.000008 13
0.660455 19
0.109923 6
0.000037 13
1.565184 6
0.000033 13
0.271682 6
0.000065 13
0.127532 19
0.149857 19
4.077057 19
0.587602 19
0.166710 19
0.273090 6
0.000057 13
1.845722 19
0.764326 19
0.179058 19
0.888197 19
0.537797 6
0.000066 13
0.558699 21
0.154750 21
0.269356 21
0.606140 6
0.000053 13
0.186139 6
0.000026 13
0.221990 19
1.813898 6
0.000042 13
0.711359 19
0.099699 6
0.000024 13
1.015638 19
0.562018 6
0.000005 13
0.671986 6
0.000042 13
0.135377 19
1.518202 6
0.000045 13
0.587677 19
0.459248 6
0.000012 13
1.028831 6
0.000083 13
0.169537 6
0.000030 13
1.626105 19
0.390325 6
0.000027 12
0.000045 1
1.537643 6
0.000009 12
0.000022 1
1.004507 19
0.092794 6
0.000061 13
0.915898 19
10.960945 6
0.000138 42
0.007146 108
0.860960 6
0.000116 66
0.001694 68
3.180768 1
0.247835 1
0.130472 1
0.185294 1
0.114348 1
1.236727 1
0.671379 1
0.748648 1
0.159969 1
0.498153 1
0.100584 1
0.119638 1
0.149388 1
0.876091 1
0.322176 1
0.089835 1
0.278435 1
0.207358 1
0.441923 1
0.910908 4
0.331185 1
0.489027 4
0.277739 1
0.700567 1
0.349238 1
0.169419 1
0.889117 1
0.109722 1
0.206853 1
0.182956 1
0.118764 1
0.769512 1
0.558972 1
0.927710 1
0.456491 1
0.838292 1
0.193671 1
0.710266 4
0.273674 1
0.795189 1
0.354665 1
0.099659 1
0.140526 1
1.277903 1
0.242974 1
0.135147 1
0.124267 1
0.205898 1
0.876231 1
0.110022 1
0.211347 1
0.387532 1
0.891578 1
0.205930 1
0.233389 1
0.228580 1
1.147624 11
0.008735 25
0.001178 68
8.034601 1
0.207204 1
0.272710 1
0.106501 1
0.122437 1
0.191218 1
0.078794 1
0.087380 1
0.442479 1
0.128326 1
6.525515 1
0.817517 1
0.170448 1
0.150894 1
9.808588 6
3.772098 1
0.145278 3
0.434890 1
0.642212 1
3.384513 1
0.178088 1
0.227491 1
0.141469 1
0.235513 4
0.944084 1
0.113213 8
3.587603 11
0.008202 8
0.000006 54
0.000072 13
0.000129 63
0.000103 59
0.000297 534
0.000180 615
0.000008 141
0.000028 347
0.981739 22
0.516487 6
0.000008 12
0.000031 4
0.021905 22
0.023111 18
0.000037 4
0.029863 22
0.028594 22
0.029977 18
0.000013 4
0.030578 18
0.000009 5
0.034242 23
0.027398 23
0.029295 23
0.038320 23
0.023889 23
0.046227 23
0.013541 23
0.032491 23
0.025130 23
0.028903 18
0.000010 5
0.030208 23
0.029962 6
0.000108 123
0.030526 6
0.000006 12
0.000083 81
0.030320 18
0.000029 16
0.000021 15
0.029503 6
0.000141 43
0.000122 73
0.050906 6
0.000047 12
0.000041 138
0.019133 6
0.000074 189
0.019098 18
0.000031 137
0.029435 6
0.000085 28
0.000023 75
0.031927 18
0.000029 125
0.028523 140
0.047396 6
0.000084 12
0.000019 124
0.020387 6
0.000068 12
0.000117 16
0.000042 84
1.076261 21
0.140890 21
0.168200 21
0.174021 21
0.160038 21
0.219341 21
1.154283 19
0.524238 18
0.000081 1
0.014547 19
0.023593 19
0.055212 19
0.002569 19
0.029242 19
0.031640 18
0.000125 1
0.045563 26
0.019043 18
0.000009 1
0.029762 19
0.025109 18
0.000034 1
0.083153 19
0.000089 18
0.000017 1
0.031695 19
0.031131 19
0.036431 19
0.020121 19
0.068312 19
0.000079 19
0.030038 18
0.000037 1
0.043651 19
0.033104 19
0.026863 19
0.017122 18
0.000008 1
0.031205 19
0.037023 19
0.025944 19
0.025425 19
0.031540 18
0.000059 1
0.053110 19
0.004165 19
0.030740 19
0.061511 19
0.000800 19
0.038387 23
0.022750 19
0.028950 19
0.029872 19
0.059831 19
0.000751 19
0.030131 19
0.043345 19
0.027496 19
0.022612 18
0.000035 1
0.026325 19
0.035057 19
0.034862 19
0.029612 18
0.000072 1
0.021324 19
0.029001 19
0.031392 19
0.032139 19
0.040466 19
0.028047 18
0.000029 1
0.018125 18
0.000025 1
0.042159 6
0.000007 12
0.000005 1
0.017149 19
0.035723 19
0.028289 19
0.025385 19
0.031082 19
0.040966 19
0.019937 19
0.029767 19
0.164607 6
0.000010 66
0.428119 19
0.155027 6
0.000006 13
0.130114 19
0.129477 19
0.500959 19
0.030411 6
0.000039 13
0.034937 6
0.000057 13
0.028099 19
0.025834 19
0.030429 19
0.034484 19
0.053060 19
0.002187 19
0.091537 19
0.000653 19
0.049143 19
0.012738 19
0.062368 19
0.000679 19
0.033902 19
0.156508 19
0.169437 19
0.152001 19
0.203485 19
0.333623 19
0.501553 34
0.000225 20
0.199354 19
0.162319 6
0.000030 13
0.326864 6
0.000039 13
0.080370 19
0.125430 6
0.000057 13
1.114383 19
0.088569 6
0.000036 13
0.180674 6
0.000009 13
0.099610 6
0.000030 13
0.449768 6
0.000032 13
0.206287 19
0.103699 6
0.000033 13
6.116070 6
0.000201 192
2.005518 6
0.000188 169
0.000036 12
1.479272 6
0.000151 42
0.006791 28
0.000011 77
0.791601 6
0.000093 66
0.001474 68
27.756166 1
0.290434 4
1.615316 1
0.340936 1
0.087832 1
0.560284 1
1.106530 4
0.142737 4
0.536122 1
0.171914 1
0.109827 1
0.137576 1
0.090142 1
0.090896 1
0.180923 1
1.586275 1
0.376904 1
0.882127 1
0.167982 1
0.170795 1
1.525957 1
1.177607 1
0.400018 1
0.233202 1
0.241001 6
1.559397 1
0.251308 1
0.140976 1
0.792691 9
1.310160 4
6.790273 11
0.009651 62
0.000026 13
0.000200 63
0.006802 62
0.000512 534
0.000185 297
0.000007 274
0.000092 391
1.405090 22
0.843336 22
0.000089 22
0.018538 22
0.029676 18
0.000027 4
0.035222 22
0.026243 18
0.000009 4
0.029401 23
0.171436 23
0.210138 23
0.159314 18
0.000029 5
0.149240 23
0.229548 23
0.194169 6
0.000008 17
0.155027 23
0.159795 23
0.150428 23
0.153519 23
0.145889 23
0.138946 6
0.000038 20
0.000037 91
0.161176 6
0.000029 61
0.158522 6
0.000061 133
0.159588 6
0.000008 28
0.000032 44
0.189125 6
0.000024 61
0.210145 6
0.000053 28
0.000076 101
0.163676 6
0.000037 12
0.000025 116
0.209873 6
0.000053 127
0.239399 6
0.000007 12
0.000086 93
0.199372 49
0.000018 18
0.195434 6
0.000031 12
0.000048 112
0.219277 18
0.000034 31
0.000040 89
0.220068 6
0.000042 28
0.000038 97
0.193727 6
0.000016 28
0.000063 92
0.199239 6
0.000066 28
0.000054 99
0.195385 18
0.000035 49
0.165846 6
0.000071 28
0.000044 101
0.148164 6
0.000079 97
0.145070 6
0.000009 12
0.000042 49
0.163855 6
0.000052 12
0.000011 116
0.169170 34
0.000069 33
0.205723 6
0.000061 28
0.000029 104
0.179403 6
0.000077 12
0.000084 118
0.215777 6
0.000054 12
0.000042 94
0.187829 6
0.000030 28
0.000019 15
0.000050 88
0.215375 6
0.000108 12
0.000054 117
0.408739 6
0.000022 12
0.000066 108
0.429847 6
0.000008 28
0.000047 33
0.218519 6
0.000048 12
0.000031 120
0.240798 6
0.000056 12
0.000045 76
0.209210 18
0.000008 49
0.179525 6
0.000038 28
0.000021 15
0.000085 95
0.515594 18
0.000034 49
0.015988 6
0.000067 94
0.030035 6
0.000009 12
0.000054 49
0.182968 6
0.000053 12
0.000041 31
0.000071 40
0.233232 18
0.000009 49
0.170483 6
0.000031 12
0.000061 100
0.183353 49
0.000031 18
0.179853 6
0.000073 12
0.000008 87
0.185011 6
0.000071 61
0.254164 6
0.000039 28
0.000050 98
0.264725 6
0.000078 107
0.230350 18
0.000023 49
0.213289 6
0.000056 101
0.215068 6
0.000039 61
0.170149 6
0.000081 125
0.182948 6
0.000040 61
0.190123 6
0.000039 28
0.000037 69
0.255091 6
0.000025 28
0.000026 33
1.521272 6
0.000078 12
0.000006 31
0.000023 72
0.541830 34
0.000029 39
0.000044 12
0.000066 103
0.060613 67
0.000216 6
0.000035 116
0.070810 34
0.000066 33
0.000598 6
0.000037 28
0.000033 110
0.030821 6
0.001223 132
0.036307 34
0.000011 15
0.000062 95
0.021478 18
0.000040 49
0.029898 6
0.000056 128
0.029970 6
0.000031 12
0.000027 88
0.000039 11
0.055327 6
0.000047 12
0.000089 49
0.003083 6
0.000072 135
0.041399 6
0.000052 12
0.000048 97
0.023875 6
0.000083 77
0.031572 6
0.000111 61
0.030499 34
0.000074 89
0.022145 6
0.000075 109
0.039123 6
0.000090 12
0.000011 109
0.026564 6
0.000036 12
0.000070 118
0.043861 6
0.000074 12
0.000038 68
0.019886 6
0.000033 12
0.000019 16
0.000031 33
0.022288 6
0.000058 12
0.000143 104
0.046351 6
0.000118 88
0.013842 6
0.000051 12
0.000040 68
0.032082 18
0.000047 49
0.033532 18
0.000045 116
0.022473 6
0.000009 12
0.000100 59
0.033271 18
0.000049 49
0.030386 6
0.000027 12
0.000018 16
0.000030 90
0.032727 18
0.000042 16
0.000045 73
0.023033 6
0.000035 28
0.000032 87
0.031165 18
0.000024 16
0.000032 53
0.067691 6
0.000049 61
0.000682 6
0.000035 110
0.033834 6
0.000102 12
0.000037 68
0.027429 34
0.000044 33
0.027563 6
0.000094 12
0.000009 106
0.032725 6
0.000114 88
0.030327 6
0.000068 12
0.000040 49
0.026958 34
0.000011 86
0.052195 6
0.000061 28
0.000073 58
0.016636 18
0.000039 49
0.021531 6
0.000076 130
0.029307 6
0.000040 28
0.000053 63
0.036090 67
0.027730 6
0.000045 12
0.000026 16
0.000073 82
0.028972 6
0.000029 88
0.027495 6
0.000058 12
0.000042 49
0.030703 6
0.000036 12
0.000042 114
0.039637 6
0.000011 12
0.000061 58
0.027556 49
0.026098 18
0.045829 18
0.010103 18
0.031141 18
0.031942 18
0.029870 18
0.034931 18
0.025073 18
0.032779 18
0.030822 18
0.034632 18
0.026036 18
0.021973 18
0.054663 18
0.006501 18
0.031594 18
0.029344 18
0.037557 18
0.028001 18
0.028370 18
0.024353 18
0.029943 18
0.040647 18
0.019833 18
0.040659 18
0.018456 18
2.544790 34
0.000333 41
2.046683 19
0.690364 19
0.289867 19
0.136998 19
4.136324 21
1.495538 21
0.180404 6
0.000027 12
0.000031 3
0.711315 22
1.014536 19
0.246765 19
0.192207 19
0.150183 19
1.235529 19
0.411068 19
0.419351 19
0.250053 18
0.000062 1
1.015517 19
0.299966 19
2.923716 21
0.149709 21
0.149157 21
0.611927 19
0.296434 19
0.232468 19
0.189815 19
0.688919 6
0.000033 13
0.779595 6
0.000035 13
0.075246 19
0.210039 19
0.133142 19
0.987806 19
0.459691 6
0.000047 15
0.279313 19
0.575979 21
0.262129 19
4.108961 19
0.901080 19
0.211073 6
0.000043 13
0.155830 19
1.499522 19
0.858395 6
0.000034 13
1.627868 19
0.987232 6
0.000047 13
0.466656 19
0.262316 19
0.130256 6
0.000030 13
1.966196 6
0.000124 44
0.814785 19
3.008295 19
0.489754 21
0.258164 19
0.498113 49
0.411501 23
1.095050 19
0.721302 19
0.137589 6
0.000009 13
1.929718 19
1.375898 6
0.000009 13
0.150458 19
0.367167 19
0.152237 19
0.315894 6
0.000030 13
1.449381 6
0.000044 13
0.594961 6
0.000119 13
0.301373 19
2.854986 6
0.000028 13
0.270879 19
0.451098 19
1.665930 19
0.978230 19
0.366497 19
0.151313 19
0.513785 19
0.425864 19
0.232777 6
0.000057 13
0.136748 19
0.176160 6
0.000044 13
0.171490 19
0.180726 19
0.129325 6
0.000038 13
0.180497 19
0.978981 19
3.327614 18
0.000041 5
0.154742 18
0.000008 7
0.116208 18
0.000039 5
0.068744 6
0.000020 19
0.123265 23
0.065685 6
0.000023 12
0.000014 7
0.125063 23
0.064403 6
0.000010 19
0.129534 23
0.061025 6
0.000010 19
1.298680 6
0.000202 42
0.002717 98
0.000017 8
2.206668 6
0.000117 58
0.000032 8
0.001737 68
2.912627 1
0.637493 4
1.082243 1
0.512769 1
0.185754 1
0.163292 1
0.099675 1
0.182889 1
0.019528 1
0.139067 1
0.200412 1
0.279583 1
1.418744 1
0.298876 1
1.737329 1
0.628944 4
0.244798 1
0.261576 1
0.589008 1
0.395388 1
0.106857 1
2.225978 1
1.639484 1
0.795681 1
0.211619 1
0.689533 1
0.159365 1
0.251641 4
0.896025 11
0.009666 75
0.000226 63
0.000074 62
0.000324 105
0.000034 429
0.000245 367
0.000025 204
0.000046 407
1.048468 22
0.500851 18
0.000040 4
0.069803 22
0.000062 22
0.029746 22
0.030979 22
0.045256 22
0.014349 23
0.040730 23
0.018747 23
0.030889 23
0.069078 23
0.000224 23
0.030092 23
0.047131 23
0.013583 23
0.038486 23
0.030608 23
0.019507 18
0.000035 5
0.037849 6
0.000056 20
0.000006 26
0.000006 72
0.040484 6
0.000077 12
0.000069 122
0.015942 6
0.000020 28
0.000040 69
0.031816 6
0.000008 28
0.000131 117
0.023533 18
0.000039 31
0.030674 6
0.000009 12
0.000007 16
0.000032 15
0.000022 54
0.030634 6
0.000009 28
0.000051 55
0.049257 6
0.000067 43
0.010774 6
0.000061 28
0.000035 86
0.040353 6
0.000046 109
0.019054 6
0.000030 12
0.000036 31
0.000030 84
0.044515 6
0.000056 12
0.000007 100
0.017538 6
0.000053 12
0.000047 88
0.043663 6
0.000156 86
0.019289 34
0.000078 15
0.023912 6
0.000066 12
0.000007 117
0.044176 6
0.000045 28
0.000060 104
0.015744 6
0.000081 12
0.000008 113
0.031432 6
0.000054 12
0.000022 31
0.000024 92
0.031363 6
0.000077 135
0.026620 18
0.000064 16
0.000009 39
0.047255 6
0.000037 28
0.000038 117
0.015569 6
0.000040 43
0.000015 91
0.027831 6
0.000038 12
0.000094 85
0.054349 34
0.000084 15
0.004786 6
0.000021 114
0.062477 113
0.000567 6
0.000047 12
0.000041 82
0.029752 6
0.000024 28
0.000035 34
0.030479 6
0.000053 12
0.000084 92
0.030919 6
0.000101 87
0.028547 6
0.000080 125
0.029574 6
0.000054 28
0.000033 99
0.034326 18
0.000009 16
0.000036 87
0.036125 49
0.020152 6
0.000010 28
0.000064 63
0.038792 6
0.000087 64
0.020087 18
0.000043 31
0.029661 6
0.000766 118
0.031268 6
0.001247 119
0.028179 6
0.000073 28
0.000040 88
0.033892 6
0.000118 103
0.000009 11
0.033452 6
0.000093 12
0.000124 64
0.024417 34
0.000012 15
0.028304 6
0.000075 28
0.000021 95
0.028611 6
0.000038 28
0.000040 59
0.029805 6
0.000032 12
0.000119 109
0.039010 6
0.000046 12
0.000040 75
0.020839 6
0.000065 95
0.036673 34
0.000044 15
0.023089 6
0.000051 28
0.000074 93
0.029698 6
0.000077 80
0.029758 6
0.000091 95
0.031658 18
0.000009 31
0.000028 56
0.039014 34
0.000034 15
0.027789 6
0.000096 120
0.023770 6
0.000034 28
0.000041 80
0.027836 6
0.000105 28
0.000037 51
0.048881 18
0.000031 16
0.000035 15
0.010198 18
0.000006 31
0.000037 67
0.030529 6
0.000066 28
0.000039 86
0.092028 6
0.000036 12
0.000009 68
0.000674 18
0.000139 31
0.047817 6
0.000084 28
0.000122 95
0.011819 6
0.000074 12
0.000105 107
0.035204 6
0.000068 61
0.029949 6
0.000076 109
0.031473 6
0.000071 122
0.026087 6
0.000038 12
0.000068 103
0.027121 6
0.000083 102
0.029796 6
0.000106 28
0.000034 65
0.034590 6
0.000193 28
0.000073 58
0.030795 6
0.000030 12
0.000067 31
0.027430 6
0.000042 28
0.000037 63
0.036246 6
0.000044 93
0.019937 18
0.000046 31
0.030993 6
0.000089 43
0.000029 52
0.029476 73
0.028807 18
0.000058 55
0.032095 6
0.000026 28
0.000049 40
0.062019 6
0.000055 43
0.000045 66
0.000632 18
0.000019 31
0.044412 18
0.021222 18
0.027413 18
0.032380 18
0.031912 18
0.041295 18
0.013717 18
0.027849 18
0.029916 18
0.032483 18
0.033557 18
0.024145 18
0.035911 18
0.024637 18
0.030550 18
0.040092 18
0.018510 18
0.040326 18
0.023132 18
0.073580 18
0.143430 18
0.125263 18
0.130594 18
0.477366 34
0.000283 19
0.117715 19
0.236877 19
1.785648 19
1.461362 6
0.000040 38
1.164229 19
0.150884 19
0.328773 19
1.104844 19
0.092206 19
3.483730 21
0.635848 19
1.827583 6
0.000040 13
0.148089 6
0.000006 13
0.183308 19
2.652287 6
0.000038 13
0.490615 19
0.079290 6
0.000044 13
0.620862 6
0.000034 13
0.286064 19
0.588408 21
0.120524 6
0.000043 13
0.819829 19
0.668653 19
0.120823 6
0.000064 13
0.208581 19
1.466342 19
0.104884 6
0.000015 13
0.234162 6
0.000037 13
1.003588 19
0.103208 19
0.313361 6
0.000009 15
0.185804 6
0.000015 12
0.000050 1
0.721565 6
0.000133 42
0.007457 108
2.548769 6
0.000108 66
0.001693 68
45.794100 1
0.527475 1
0.308422 1
0.109615 1
0.080871 1
0.140585 1
0.299442 1
0.350846 1
0.149096 1
1.135983 11
0.008178 21
0.000340 8
0.000031 60
12.231124 1
0.129899 1
0.089557 1
0.259086 1
1.708516 4
0.138669 1
0.633046 1
0.236672 1
0.721086 1
0.399178 1
0.137138 1
0.299585 1
0.169498 1
0.219571 1
0.709051 1
0.287574 1
0.537323 1
1.229991 1
0.229464 1
0.112405 1
0.177583 1
1.224724 1
7.406690 1
0.551457 11
0.001961 443
0.000108 40
0.000273 68
33.552238 1
1.260244 1
0.345875 1
1.533712 1
0.838309 1
0.322965 1
0.561018 4
0.369876 1
0.878939 1
0.218917 1
0.486747 1
0.152719 1
0.787104 1
1.206361 1
0.232327 1
1.124414 1
0.389287 1
0.199635 1
0.209710 1
0.571859 1
0.126754 1
0.209556 1
0.729319 1
0.594906 1
0.176554 1
1.596523 1
0.123102 1
0.253148 1
0.299803 1
0.831326 1
0.202720 1
0.149448 1
1.374205 1
0.237204 1
0.728230 1
0.163376 1
0.105299 7
3.797331 1
0.505400 1
0.461956 1
0.084997 1
0.151733 1
0.859241 1
0.669775 1
0.598910 1
0.137749 1
2.039395 1
0.126373 1
0.277771 1
0.206355 1
0.281207 1
0.987533 1
0.471671 1
1.535399 1
0.748498 1
0.308321 1
0.268629 1
0.139971 1
0.988871 1
0.100286 1
3.618005 1
0.442541 4
0.121946 1
0.077819 3
1.337504 489
1.347666 3
2.026586 1
0.169239 1
0.971024 1
3.047971 11
0.001918 297
0.000067 38
0.000259 8
0.000018 60
58.017167 68
0.482610 201
0.389796 114
10.876088 4
0.552956 4
0.000082 4
0.034194 489
0.026159 4
0.033007 4
0.032647 4
0.025085 4
0.029952 4
0.039783 4
1.799451 4
2.955884 4
0.704597 4
0.000249 4
0.042997 4
0.028144 4
0.020098 4
0.028998 4
0.038494 4
0.020914 4
0.029645 4
0.033507 4
0.027127 4
0.031141 4
0.078792 4
0.000120 4
0.030397 4
0.030776 4
0.050967 4
0.008723 4
0.029113 4
0.034938 4
0.032315 4
0.055860 4
0.000392 4
0.037346 4
0.027109 4
0.028752 4
0.027397 4
0.028717 4
0.032438 4
0.028981 4
0.029932 4
0.032556 4
0.039879 4
0.018633 4
0.030741 4
0.027318 4
0.030131 4
0.032673 4
0.027613 4
0.039305 4
0.029452 4
0.026723 4
0.024181 4
0.030381 4
0.030607 4
0.033608 4
0.025962 4
0.031192 4
0.086160 4
0.000268 4
0.084754 4
0.000559 4
0.036307 4
0.024543 4
0.028620 4
0.029206 4
0.082117 1
0.000342 1
0.030160 1
0.031380 1
0.029536 1
0.032028 1
0.033038 1
0.032483 1
0.020801 1
0.038254 1
0.024427 1
0.035110 1
0.027978 1
0.033520 1
0.030910 1
0.024481 1
0.026065 1
0.032163 1
0.031265 1
0.030099 1
0.026514 1
0.030631 1
0.030434 1
2.323564 1
0.329049 1
0.219446 1
0.162375 1
1.511894 1
0.155979 1
0.975010 1
0.485356 1
0.213188 1
0.542572 1
0.142209 1
0.627642 1
1.036083 1
1.866606 1
1.484620 1
0.439088 1
0.292360 1
0.128935 1
0.138944 1
0.607355 1
0.206349 1
0.195769 1
0.562773 1
0.815447 1
0.688339 4
0.136517 1
0.289754 1
0.811029 1
0.179383 1
0.237279 1
0.159833 1
0.199867 1
0.142446 1
1.035558 1
0.312344 1
0.642045 1
0.196232 1
0.446416 1
0.882145 4
0.175867 1
0.339703 1
1.061001 1
0.568350 1
1.415914 4
0.427805 1
1.321139 1
0.686481 1
0.528347 1
1.260461 1
0.958428 1
0.508539 1
2.653090 1
1.691114 1
2.035792 1
0.587762 1
0.191315 1
1.746702 1
0.901579 1
0.522658 1
0.928139 1
0.841256 1
0.606155 1
0.471626 1
1.195886 1
0.292471 1
0.268376 1
0.107359 1
0.142990 1
0.868431 1
0.825572 4
0.119731 1
0.641672 1
0.209585 3
1.046869 1
0.399845 4
0.108486 1
0.252366 1
0.257338 1
1.233948 1
0.805878 1
0.219382 1
0.461942 1
0.229853 1
0.598942 1
0.718974 1
0.172302 1
1.435572 1
0.209485 1
0.856712 1
0.123837 1
0.613466 1
0.667856 4
0.053211 1
0.063174 1
1.753010 4
0.705852 1
0.192039 1
0.199190 1
0.479417 2
0.000041 9
0.010000 64
0.000233 68
3.139975 81
0.195270 1
0.203543 1
0.434441 1
0.229389 1
0.140293 1
0.149553 1
0.104113 1
0.145464 1
0.139844 1
0.779024 33
0.148654 32
0.779444 11
0.003114 56
0.000210 68
7.176577 1
0.285802 1
0.209251 1
0.099971 1
0.596337 11
0.000042 6
