0.021897 35
1.033018 4
0.148612 41
0.345976 88
0.336284 8
0.246771 13
0.334734 15
0.301256 19
0.416161 15
0.333745 11
0.002594 30
0.047300 3
1.004403 3
1.002237 3
1.005503 3
1.025500 1
0.000081 2
1.004122 3
1.005618 3
1.005086 3
1.003626 3
1.005223 3
1.005877 3
5.977605 3
1.008890 3
1.022718 3
1.007488 3
1.004055 1
0.000143 2
1.004837 3
1.002922 3
1.003148 3
1.003936 3
1.016330 3
1.006549 3
1.006640 3
1.004374 3
1.003921 3
1.003986 3
1.005981 3
1.004494 3
1.005215 3
0.542576 3
0.459882 1
0.000307 2
0.542688 3
0.459343 1
0.000064 2
0.545365 3
0.462934 3
0.544572 3
0.462808 3
0.562325 3
0.448577 3
0.591106 3
0.420282 3
0.614771 3
0.389804 3
0.614347 3
0.389761 3
0.613248 3
0.392212 3
0.612248 3
0.392613 3
0.611700 3
0.391198 3
0.611568 3
0.406998 3
0.597023 3
0.534072 3
0.491810 3
0.537283 3
0.480677 3
0.554724 3
0.502461 3
0.500997 3
0.518911 3
0.484176 3
0.531551 3
0.472019 3
0.573492 3
0.429999 3
0.574197 3
0.439353 3
0.565196 3
0.438304 3
0.574991 3
0.430155 3
0.574234 3
0.430267 3
0.574276 3
0.430223 3
0.580378 3
0.425034 3
0.637523 3
0.372178 3
0.632770 3
0.371080 3
0.645668 3
0.373790 1
0.000049 2
0.677879 3
0.330818 3
0.678686 1
0.000047 2
0.330159 3
0.677331 3
0.330149 3
0.673654 3
0.339220 3
0.669871 3
0.334615 3
0.700875 3
0.305090 3
0.698862 3
0.305930 3
0.698202 3
0.313519 1
0.000064 2
0.706332 3
0.349475 3
0.653895 3
0.349137 3
0.676390 3
0.346357 3
0.663135 3
0.341162 3
0.662556 3
0.345081 3
0.659522 3
0.344536 3
0.659628 3
0.343599 1
0.000133 2
0.662158 3
0.345588 3
0.656656 3
0.345251 3
0.660296 3
0.405684 3
0.598109 3
0.423509 3
0.588810 3
0.463487 3
0.582902 3
0.502856 3
0.508584 3
0.505072 3
0.514416 3
0.487879 3
0.514323 3
0.495355 3
0.512007 3
0.493442 3
0.510586 3
0.513643 3
0.500492 3
0.503817 3
0.516089 3
0.487421 3
0.517233 3
0.504357 3
0.504286 3
0.502833 3
0.504477 3
0.500381 3
0.507289 3
0.496673 3
0.510346 3
0.493376 3
0.512951 1
0.000049 2
0.491090 3
0.512680 3
0.493557 3
0.512051 3
0.499938 3
0.510437 3
0.495925 1
0.000029 2
0.513131 3
0.493903 3
0.513318 3
0.499999 3
0.509618 3
0.498125 3
0.526673 3
0.477858 3
0.526793 3
0.485798 3
0.518537 3
0.516750 3
0.492911 3
0.517606 3
0.487424 3
0.524624 3
0.490535 3
0.532471 3
0.473667 3
0.534579 3
0.470526 3
0.533085 3
0.470889 3
0.532689 3
0.486212 3
0.518253 3
0.503366 3
0.504637 3
0.499182 3
0.511450 3
0.507017 3
0.496120 3
0.507911 3
0.495760 3
0.577286 3
0.426944 3
0.586623 1
0.000646 2
0.443618 3
0.613764 3
0.410098 3
0.600092 3
0.409228 3
0.611444 3
0.409191 3
0.594352 3
0.410066 3
0.596770 3
0.406840 3
0.602200 3
0.401229 3
0.611807 3
0.398149 3
0.605487 3
0.398460 3
0.610238 3
0.398845 3
0.604796 3
0.405786 3
0.611032 3
0.392916 3
0.610794 3
0.398042 3
0.615422 3
0.388351 3
0.633524 3
0.378381 3
0.625382 3
0.389250 3
0.633996 3
0.370954 3
0.644931 3
0.359132 1
0.000413 2
1.002469 3
1.007021 3
1.003867 3
1.007754 3
1.028640 3
1.031662 3
1.003265 3
1.003129 3
1.003995 3
1.009838 3
1.003934 3
1.004842 3
1.021183 3
1.004630 3
1.004597 3
1.021109 3
1.009685 3
1.003218 3
1.040088 3
1.029374 3
1.006575 3
1.006736 3
1.014155 3
1.000845 3
1.007117 3
1.012155 3
1.105167 3
1.030430 1
0.000743 2
1.128297 3
1.004805 1
0.000689 2
1.010265 3
1.004009 3
1.007371 3
1.004015 3
1.004866 3
1.004351 3
1.002941 3
1.010908 3
1.004041 3
291.192597 1
0.249895 1
0.136273 1
0.156111 1
0.885511 2
1.701037 2
0.001621 80
0.754292 1
0.312839 1
0.214894 1
0.124739 1
0.545813 105
1.229136 1
0.242348 1
0.134768 1
0.134133 1
0.532154 17
