0.020894 35
6.756239 1
0.721319 1
0.105897 1
0.184399 1
0.240497 1
0.125722 1
1.780732 1
0.897070 1
0.241082 1
0.124512 1
0.099843 1
1.504571 1
1.305278 1
0.632998 1
0.078859 1
0.148667 1
0.205810 1
0.260902 1
0.156956 1
0.374242 1
0.120344 1
0.347428 1
0.134272 1
0.268244 1
0.419948 1
1.573971 4
0.154424 4
0.120349 4
0.135350 4
0.176526 4
0.334931 1
0.386915 1
0.351383 1
0.301248 1
0.128909 1
0.295861 1
1.319021 1
0.095878 1
0.199992 1
0.327121 1
0.540875 1
0.356409 1
0.209190 1
0.105429 1
0.139932 1
0.142687 1
0.409690 1
0.330442 4
0.076154 1
0.085552 1
0.255389 1
1.303663 1
0.495026 1
0.106617 1
0.279774 1
0.097359 1
0.816221 1
4.055271 11
22.422588 2
0.000772 122
5.046741 1
0.036011 1
0.800887 108
3.831287 1
0.060023 1
0.456138 1
0.237013 1
0.509656 11
0.000810 46
0.000122 76
3.180915 4
0.181355 10
0.284107 47
0.165941 89
0.390879 49
0.271791 1
0.249394 1
0.033819 1
0.033514 1
0.033615 1
0.032981 1
0.033482 1
0.033875 1
0.032838 1
0.033195 1
0.034312 1
0.033400 1
0.033975 1
0.032504 1
0.033629 1
0.033356 1
0.034224 1
0.032966 1
0.033632 1
0.032499 1
0.034199 1
0.033254 1
0.033720 1
0.925580 5
0.435510 5
0.914265 3
0.250315 3
0.033852 3
0.033124 3
0.033564 3
0.033144 3
0.033609 3
0.032749 3
0.033987 3
0.033985 3
0.033031 3
0.033078 3
0.033130 3
0.034353 3
0.032685 3
0.033605 3
0.033164 3
0.034226 3
0.033673 3
0.033117 3
0.033198 3
0.032988 3
0.033785 3
0.033922 1
0.033755 1
0.033362 1
0.033428 1
0.034590 1
0.032889 1
0.033927 1
1.778525 1
0.586616 1
1.307511 11
0.000957 45
1.641460 47
0.175386 89
1.041056 11
0.000021 87
0.000015 85
0.000005 2
0.000551 35
14.083569 1
0.101026 1
0.786989 11
0.020340 231
0.000710 27
37.414495 1
0.189098 1
2.614335 1
0.183974 1
0.335224 1
0.210955 1
1.229479 1
0.294785 1
0.125115 1
0.215732 1
11.020310 1
0.255554 1
0.281551 1
0.220933 1
1.532371 11
0.004579 85
0.000555 37
8.463766 1
0.325855 1
0.331917 1
0.560455 4
0.255843 1
0.111401 1
2.294607 220
5.817184 1
0.144274 1
0.205720 1
0.129942 1
0.186727 1
1.247684 1
5.229597 1
2.171024 11
0.000815 35
3.514086 1
0.215971 1
0.359513 1
0.110891 1
0.312460 218
6.242122 4
0.641179 133
25.182711 1
0.099630 1
0.292046 1
0.134738 1
0.526475 1
1.028986 1
0.279296 1
1.539915 46
1.981765 1
0.161081 1
0.284088 1
0.116438 1
0.510159 131
0.763711 4
0.525041 46
8.457717 1
0.115372 1
0.301446 1
0.977035 1
0.696919 1
0.111537 1
0.625860 1
1.183786 1
0.140769 1
0.195289 1
0.186249 1
1.111557 1
0.260837 1
0.161127 1
0.225015 1
0.114938 1
0.842663 4
0.144997 4
0.140376 4
0.220501 4
0.594325 1
0.187606 1
0.110248 1
1.464934 1
0.841488 1
0.659208 1
0.153030 1
0.256713 1
1.869141 1
2.120438 1
0.583089 4
0.356047 1
0.516992 4
0.615675 1
0.696574 1
0.060391 1
0.085262 1
0.683604 1
2.049768 1
2.496113 1
0.210462 1
1.609487 1
0.365868 1
0.757548 1
0.160183 1
0.646899 1
0.271870 1
0.114196 1
0.216850 1
1.753837 1
0.335268 1
0.145334 1
0.095122 1
0.136924 1
1.399962 1
0.540832 1
0.133907 1
0.085487 1
0.246291 1
0.310853 1
1.408702 1
0.445638 1
0.111168 1
0.093995 1
0.141015 1
0.867407 1
0.290518 1
0.111193 1
0.234040 1
0.120237 1
0.142112 1
0.149545 1
0.275098 1
1.474521 1
0.420682 1
0.486648 1
0.387992 1
0.074147 1
0.234916 1
6.367395 1
3.098218 1
0.361250 1
0.286947 1
0.194340 1
0.422160 1
10.591611 1
0.250225 1
0.034668 1
0.032668 1
0.034089 1
0.032961 1
0.033253 1
0.034047 1
0.032403 1
0.033417 1
0.034201 1
0.032780 1
0.033040 1
0.033697 1
0.033896 1
0.033038 1
0.033967 1
0.034442 1
0.035837 1
0.030206 1
0.032858 1
0.033270 1
0.033045 1
0.033172 1
0.034102 1
0.032132 1
0.033379 1
0.034188 1
0.033158 1
0.033152 1
0.032840 1
0.033441 1
0.033923 1
0.034595 1
0.033284 1
0.032293 1
0.034294 1
0.036876 1
0.029377 1
0.033399 1
0.032687 1
0.033461 1
0.187281 1
0.301559 1
0.230135 1
0.091749 1
1.084864 5
0.220389 5
1.055220 3
2.149476 3
0.251469 3
0.034135 3
0.032870 3
0.033317 3
0.034107 3
0.033102 3
0.033189 3
0.033033 3
0.034838 3
0.032670 3
0.034375 3
0.035497 3
0.029734 3
0.033268 3
0.565015 3
0.249778 3
0.033426 3
0.033530 3
0.830661 3
0.250102 3
0.033036 3
0.033683 3
0.034779 3
0.033816 3
0.033263 3
0.034045 3
0.033006 3
0.036941 3
0.031303 3
1.150189 11
0.016486 354
0.000171 35
7.182123 1
0.146656 1
0.214688 1
0.209973 1
0.797255 1
0.215927 1
0.290506 1
0.150289 1
0.747200 1
0.115025 1
0.187150 1
0.585270 1
0.320433 1
0.255487 1
1.219968 1
0.366284 1
1.352966 1
1.318513 1
0.731657 1
0.658080 1
0.459767 1
0.261189 1
0.536896 1
0.134570 1
1.234478 1
0.334322 1
0.115595 1
0.838465 1
0.757469 1
0.245873 1
0.214563 1
1.700026 1
0.396303 1
0.550314 1
0.336224 1
0.316901 1
1.919739 1
0.124898 1
0.059890 1
0.245688 1
1.364104 1
0.406169 1
0.104888 1
0.226823 1
0.170435 1
1.749030 1
2.200807 11
0.015805 194
0.004338 133
0.001217 35
4.180718 1
0.281696 1
0.080600 1
0.851361 4
0.170273 4
0.350875 4
0.165455 1
3.304751 1
0.110052 1
0.150353 1
0.617134 1
0.086328 1
0.193364 1
0.151715 1
3.869956 11
0.011656 14
3.938639 2
0.064069 44
3.046403 1
0.335690 1
0.144579 1
0.236289 1
0.154477 1
0.938079 1
0.305420 1
0.315925 1
0.576692 1
0.326612 1
0.315288 1
0.144451 1
0.225801 1
0.196097 1
0.110226 1
0.090437 1
1.279434 11
0.022920 1344
0.000110 44
12.315453 1
0.095112 1
0.192885 1
0.503543 1
0.311654 1
0.114911 1
0.641780 1
0.932924 1
0.110063 1
0.736467 1
0.181170 1
0.110197 1
0.095004 1
0.115774 1
1.278739 1
0.482296 1
0.464675 1
0.100498 1
0.171907 1
0.350017 1
0.094741 1
0.501491 1
1.072470 11
0.019340 82
0.000036 44
1.717128 22
1.878987 4
0.250295 4
0.034028 4
0.033325 4
0.034240 4
0.033376 4
0.033834 4
0.033948 4
0.033744 4
0.033274 4
0.033779 4
0.033363 4
0.033432 4
0.032788 4
0.033883 4
0.033894 4
0.033103 4
0.033078 4
0.033348 4
0.033215 4
0.033094 4
0.033868 4
0.033639 1
0.033519 1
0.033998 1
0.033790 1
0.033427 1
0.033577 1
0.033393 1
0.033579 1
0.033280 1
0.033480 1
0.033169 1
0.032797 1
0.034597 1
0.033163 1
0.033084 1
0.033674 1
0.033431 1
0.032882 1
0.033718 1
0.033593 1
0.032892 1
0.033046 1
0.033904 1
0.033606 1
0.033475 1
0.033380 1
0.033642 1
0.034008 1
0.033078 1
0.033387 1
2.408170 1
0.291070 1
0.175016 1
0.189710 1
1.614295 4
0.121980 4
0.043368 1
0.109988 1
2.357743 1
0.485994 1
0.265951 1
0.124899 1
1.500404 1
0.169388 1
0.341465 1
0.200035 1
0.110183 1
0.116698 1
1.032844 1
0.154499 1
0.220544 1
0.210402 1
0.120028 1
0.606409 11
4.608752 2
0.007071 97
2.280172 1
0.083949 1
0.159827 1
1.252455 1
0.096924 1
0.641584 1
1.113144 1
0.651915 1
0.211722 1
0.094294 1
0.245456 1
0.506743 1
0.500922 1
0.341567 1
0.310581 1
0.490921 1
0.371406 1
2.983237 11
0.016975 281
0.000018 44
5.434414 1
0.104312 1
1.304116 1
0.245317 1
0.692527 1
0.119511 1
0.217425 1
0.530806 1
0.245047 1
0.388274 1
0.649763 1
0.927558 1
0.110437 1
0.120789 1
0.607006 1
0.562352 1
2.415715 1
0.497059 4
0.951614 1
0.622945 1
0.034966 1
0.109187 1
1.494568 1
0.411948 1
0.139081 1
0.803996 1
0.098748 1
0.186386 1
0.251432 1
1.016846 1
1.382958 1
0.823062 1
0.055099 1
0.100129 1
1.014361 1
0.690688 1
3.685009 1
0.246290 1
0.094299 1
0.232084 1
0.190719 1
1.679375 1
0.698743 1
0.368259 1
0.617658 1
0.154256 1
1.133195 11
0.015783 150
0.000018 44
38.096462 1
0.249331 1
0.180202 1
0.095876 1
0.666683 114
2.777496 1
0.692174 1
0.170193 1
0.126210 1
0.587382 17
0.001471 35
3.050800 1
0.251451 1
0.175401 1
0.099068 1
0.752493 17
