0.016814 86
4.346417 1
0.291357 1
0.124804 1
0.215492 1
0.566379 1
9.318255 36
1.011155 1
0.000064 54
1.236694 1
0.566208 1
0.788794 1
0.414151 1
0.356237 1
0.857804 1
0.572830 4
0.155172 4
0.515068 1
0.275024 1
0.105752 1
0.713684 1
1.082941 1
0.092844 1
0.075495 1
1.422083 11
0.000607 86
1.291687 1
0.224179 1
0.095688 1
0.160983 1
0.655964 1
0.188410 1
0.693639 1
0.155192 7
1.137004 11
0.001182 27
0.000576 86
4.040988 1
0.092780 1
0.382095 1
0.312843 1
0.700845 1
0.546642 1
0.095220 1
0.197779 1
0.113531 1
0.635440 1
0.300885 1
0.225341 1
0.085713 1
0.264946 1
0.632360 1
0.361914 1
0.108967 1
0.039626 1
4.400283 11
0.002379 8
0.000014 78
0.561716 1
0.200659 1
0.284661 1
0.157286 1
1.287602 1
0.336652 1
0.199457 1
0.116838 11
0.611244 2
0.000646 9
0.001015 91
0.000014 86
0.000010 39
0.000076 2
0.000433 86
7.918512 1
0.053141 1
0.867703 1
0.106220 1
0.099750 1
1.383577 1
0.207009 1
0.330523 1
1.342489 1
0.395919 1
0.090605 1
1.231603 1
0.091243 1
5.275127 4
0.064379 1
0.927822 1
0.751932 1
0.662666 1
0.216062 1
0.069011 1
1.278139 1
0.109152 1
0.105810 1
0.875885 1
0.390217 1
0.650502 4
0.361166 1
0.079780 1
0.276430 1
1.468266 1
0.396461 1
0.140559 1
0.546129 4
0.210852 1
0.576405 1
5.127595 11
0.002825 8
0.000023 78
1.500354 1
0.282124 1
0.216934 1
0.877109 1
0.350220 1
0.065094 1
0.521522 1
0.116576 1
0.110291 1
1.212441 1
0.535846 1
0.095944 1
0.515865 1
1.158358 5
0.624538 11
0.001441 43
0.000217 86
4.642583 1
0.241337 1
0.249992 1
2.187212 1
0.194434 1
0.047229 1
0.187889 12
1.279922 1
0.621236 1
0.191554 1
0.044138 1
1.992557 1
0.101864 1
0.110609 1
1.599411 1
0.351536 1
0.063770 1
0.237124 1
1.666805 2
0.000763 9
0.071144 144
0.011558 86
1.850889 29
0.545904 1
0.499002 1
0.030946 1
0.032261 1
0.031537 1
0.032456 1
0.030738 1
0.030289 1
0.032782 1
0.030458 1
0.032447 1
0.030584 1
0.030235 1
0.031909 1
0.030586 1
0.037987 1
0.031560 1
0.031435 1
0.032044 1
0.030380 1
0.031755 1
0.031231 1
0.035289 1
0.026807 1
0.030175 1
0.031717 1
0.031161 1
0.030437 1
0.582842 3
0.340658 3
0.579808 5
0.093871 5
0.471139 11
0.002154 86
10.161597 1
0.310569 1
0.254953 1
0.251443 1
0.641615 1
0.427401 1
0.145250 4
1.327410 1
0.093074 4
1.348808 11
0.001126 43
0.000252 8
0.000218 78
6.661802 1
0.125716 1
0.231269 1
0.435412 1
1.308504 1
0.492721 1
0.164010 1
0.118209 1
0.203476 1
0.171323 1
0.492862 1
0.437516 1
0.636926 1
0.074517 1
0.075043 1
2.381376 11
0.001879 86
1.247451 1
0.201560 1
0.189471 1
0.145930 1
0.957864 1
0.114811 1
0.139179 8
1.032148 2
0.000165 9
0.001501 45
0.000232 86
2.691793 1
0.285716 1
0.171101 1
0.624434 1
1.009597 1
8.833240 1
1.500972 21
1.158518 25
0.930279 1
1.981426 1
0.621186 1
1.638905 1
0.370198 1
0.576431 4
0.371255 4
0.245471 1
0.240733 1
0.191051 1
0.937333 1
0.872186 1
0.382252 4
0.454739 1
9.927454 21
1.027749 1
0.000163 24
0.870019 1
3.375259 4
0.500689 4
0.031554 4
0.032472 4
0.033039 4
0.325792 4
0.136037 4
0.123633 4
0.119532 4
0.140737 4
0.330877 4
0.186736 4
0.244646 4
1.143195 1
0.105271 1
1.478011 1
0.224169 1
0.726963 1
0.709948 1
0.966822 4
0.651783 1
0.296063 1
0.577476 4
0.625075 1
0.248293 1
0.254153 1
0.445576 5
0.346609 9
0.154611 9
0.119617 5
0.297591 1
0.500149 1
0.029755 1
0.031171 1
0.205383 1
0.405146 5
0.076003 5
0.400992 3
0.502144 3
0.030689 3
0.032045 3
0.033239 3
0.031772 3
0.034106 3
0.034754 1
0.030918 1
0.029439 1
0.029438 1
0.031774 1
1.134247 1
0.230094 1
1.368909 1
0.152011 1
0.938540 1
1.866411 11
0.004198 100
4.133465 1
0.255295 1
0.120013 1
0.251591 1
7.655954 23
1.663175 29
0.498870 1
0.030461 1
0.031472 1
0.033446 1
0.035622 1
0.030310 1
0.032570 1
0.032787 1
0.032994 1
0.034613 1
0.033035 1
0.032989 1
0.025895 1
0.241828 1
0.460268 3
0.238981 5
0.832350 5
0.513417 3
0.500536 3
0.031175 3
0.031439 3
0.037282 3
0.031397 3
0.031358 3
0.032412 3
0.030621 3
0.031474 3
0.030736 3
0.031731 3
0.032596 3
0.033094 3
0.032294 1
0.032186 1
0.030908 1
0.031217 1
0.030180 1
0.249844 1
1.567886 1
0.558134 1
0.708825 1
0.487314 1
0.165677 1
0.208661 1
0.629991 1
0.406208 1
0.979110 1
0.564933 1
0.737197 1
0.170567 1
0.324612 1
0.734045 1
1.922119 11
0.001776 11
0.000262 86
3.338852 1
0.882016 34
1.635639 1
0.226061 1
0.351576 1
0.160771 1
0.134308 1
0.144502 1
0.292845 1
0.318703 5
1.449540 3
0.500984 3
0.213530 3
0.195042 3
0.148137 3
0.457554 3
0.598576 3
0.787591 3
2.014242 11
0.001570 7
0.000401 86
3.935894 1
0.054046 1
0.929559 1
0.098902 1
0.155127 1
1.087991 1
0.150513 1
0.396911 1
0.254836 1
0.341691 1
0.360910 1
0.089406 1
0.050572 1
1.183649 1
1.576620 11
0.001659 8
0.000014 78
1.655589 1
0.421038 4
0.079660 1
0.145041 1
0.657636 1
0.907954 1
0.073508 1
0.251028 1
0.174358 1
0.312855 1
0.294269 4
0.105442 1
0.171481 1
0.631306 1
1.976792 1
0.078312 1
0.079727 1
0.636632 2
1.956224 1
0.942981 1
0.115105 1
0.783079 1
0.125271 1
0.405459 1
0.130062 1
0.997823 1
0.134766 1
0.252378 1
0.153867 1
0.190620 1
0.150872 1
3.309167 1
0.230170 1
0.246759 1
0.114110 1
0.247395 1
0.400640 1
0.490055 1
2.475821 1
0.951502 1
0.340235 1
0.354064 1
0.140833 1
0.321752 1
0.120737 1
0.310906 1
0.123723 1
0.282281 1
0.114604 1
0.268042 1
0.089137 1
0.270283 1
0.110883 1
0.265891 1
0.108921 1
0.257872 1
0.109936 1
0.248049 1
0.091291 1
0.221244 3
0.500741 3
0.031616 3
0.030891 3
0.031645 3
0.032458 3
0.031879 3
0.030409 3
0.030262 3
0.031272 3
0.033846 3
0.032688 3
0.029937 3
0.031772 3
0.028830 3
0.030929 3
0.030587 3
0.032690 3
0.032146 3
0.032791 3
0.029969 1
0.030434 1
0.031303 1
0.030316 1
0.031147 1
1.350973 1
0.737134 1
0.078750 1
0.075840 1
1.251735 11
0.006194 86
0.687274 1
0.079087 1
1.076363 2
0.000608 9
0.002334 472
0.000025 86
7.670805 1
0.968765 4
0.158864 1
0.119735 1
0.633206 2
2.000086 1
0.159782 1
0.780100 8
0.848434 2
0.000030 9
0.002005 70
0.000201 86
10.572611 1
0.099134 1
0.276669 1
0.677456 1
0.941203 1
0.140967 1
0.139947 1
0.109872 1
0.650788 1
0.647792 1
0.175203 1
0.300512 3
4.477631 1
0.767979 1
0.807237 1
0.079813 1
0.064339 1
3.499104 1
0.275725 1
0.256779 1
0.198943 7
1.211476 11
0.008608 86
4.411755 1
0.194307 1
0.195254 1
0.321753 1
0.172583 8
0.466088 11
0.000226 8
0.000748 96
0.533151 1
0.073888 1
0.109996 11
0.001739 58
0.001004 119
0.000057 96
7.453952 1
0.093950 1
1.293292 1
0.341540 1
0.341895 1
1.464411 1
0.098385 1
0.044614 1
1.329169 1
0.475503 1
0.758266 1
0.972988 1
0.220749 1
0.182414 1
0.793495 1
0.592449 1
0.194841 1
0.567718 1
0.394890 1
0.500662 1
0.331954 1
1.327356 1
0.470283 1
0.419026 1
0.361454 1
0.097714 1
1.178712 1
0.491941 4
0.124785 1
1.194812 1
0.093866 1
1.067874 1
0.424975 1
0.402339 1
0.256308 1
0.334921 1
0.149347 1
0.271578 1
0.080210 1
0.200152 1
0.476777 1
0.620390 1
0.120841 1
1.033569 1
4.494993 11
0.004055 104
2.273317 1
0.100847 1
0.235239 1
1.399267 4
0.532024 1
0.215180 1
0.119614 1
1.893663 97
0.439082 1
0.254899 1
0.797277 1
0.156050 1
0.725024 1
0.064976 1
0.116218 9
0.632063 2
0.000538 9
0.001696 137
0.000020 86
4.264159 1
0.074509 1
0.170391 1
1.027342 1
0.075602 1
0.256103 1
0.747770 1
0.576389 1
0.475415 1
0.255668 1
0.131352 1
0.761540 1
0.340819 1
0.600660 1
0.085288 1
0.177902 1
1.767291 1
0.096511 1
0.224940 1
0.100206 1
0.135739 1
0.480186 1
0.939555 1
0.077994 1
0.066086 1
0.697592 1
0.381569 1
0.792135 1
0.148542 1
0.256909 1
0.520572 1
0.782719 1
0.669771 4
0.303103 1
0.309530 1
0.212299 1
0.103322 1
0.176326 1
0.224507 1
4.760006 1
0.098348 1
0.236266 1
0.059817 1
0.145299 1
1.448691 1
0.367047 1
0.065099 1
0.095110 1
5.052443 11
0.009136 86
1.281923 1
0.404801 1
0.099321 1
0.386186 1
0.486699 1
0.191899 13
1.431173 11
0.002626 1193
0.000398 86
1.653155 1
0.390150 1
0.176453 1
0.149187 1
0.489262 2
0.000009 9
0.000163 6
