0.007386 299
0.133255 35
0.001677 71
0.000186 201
0.001938 302
0.000007 7
0.000579 6
0.000126 8
0.578322 1
0.004106 20
0.000252 44
0.271413 30
0.123124 41
0.138089 30
0.141540 30
0.003794 60
0.534410 18
0.784387 7
0.000455 8
0.001949 3
0.000410 23
0.004403 131
0.000300 142
0.000338 33
0.004424 38
0.026870 19
0.001465 302
0.000009 7
0.000836 8
0.982228 1
0.003496 42
1.121006 18
0.423138 39
0.004212 42
0.000269 14
0.145026 30
0.285388 30
0.002685 60
1.036228 15
0.000499 1
0.000033 2
0.000765 10
0.000028 10
0.003114 44
0.001200 2718
0.004836 38
0.017475 19
0.000957 302
0.000116 7
0.000601 8
2.995510 1
0.004378 12
0.000256 30
1.186298 18
0.180335 39
0.004225 54
0.116523 30
0.001963 49
0.520650 7
0.002275 29
0.002230 154
0.001075 63
0.001012 22
0.001240 40
0.102357 42
0.001910 225
0.028132 2
0.000014 10
0.000015 2
0.000907 7
0.000013 43
0.005382 21
0.000415 34
0.001043 40
0.000177 16
0.000008 13
0.000029 6
0.000006 11
0.000131 19
0.000843 138
0.000007 73
0.000006 15
0.000008 61
0.000005 38
0.000005 2
0.000018 40
0.000006 74
0.000005 2
0.000007 51
0.000022 38
0.000007 47
0.000007 31
0.000006 43
0.000007 2
0.004749 4095
0.000137 4095
0.000020 3663
0.001682 169
0.000044 6
0.003327 38
0.015260 17
0.000018 2
0.000886 273
0.000022 29
0.000090 7
0.000461 8
2.257924 1
0.003151 12
0.000259 28
0.126511 18
1.273168 32
0.003232 42
0.000199 14
0.117030 30
0.372829 30
0.003478 60
0.858738 15
0.000621 1
0.000062 2
0.000869 10
0.000116 10
0.005406 263
0.000346 142
0.000224 33
0.007769 38
0.020447 19
0.001501 302
0.000013 7
0.001146 8
2.757568 1
0.005307 40
0.224583 42
0.004754 41
0.000469 20
0.230221 41
0.151235 30
0.003254 49
0.686250 18
0.001945 19
0.191339 6
0.304784 6
0.885458 15
0.000487 3
0.000363 21
0.002964 112
0.000565 144
0.000301 142
0.000772 33
0.006417 38
0.026289 336
0.936847 1
0.001301 12
0.000206 89
0.190938 389
0.003667 16
0.986909 25
0.001886 26
0.516279 6
0.166756 6
0.682061 15
0.001745 3
0.000581 17
0.002669 312
0.000056 286
0.000536 142
0.000214 33
0.002973 38
0.021039 19
0.000818 302
0.002305 7
0.000035 8
1.832691 1
0.004082 42
1.013568 18
0.972773 39
0.003004 42
0.000167 14
0.134443 30
0.157886 30
0.002591 60
0.740388 15
0.001990 1
0.000038 2
0.000714 10
0.000025 10
0.012716 894
0.001876 169
0.000026 6
0.002441 38
0.016906 17
0.000030 2
0.001634 273
0.000038 29
0.000130 7
0.001626 8
1.315231 1
0.003097 12
0.000275 30
0.485696 18
1.509904 39
0.003876 56
1.130157 12
0.002371 52
0.531471 15
0.001728 1
0.000015 2
0.000271 10
0.000018 10
0.003745 184
0.000942 169
0.000028 6
0.003068 38
0.018553 328
0.002723 8
2.722075 1
0.001799 42
0.346619 39
0.003607 31
0.000234 24
0.239145 41
0.382841 36
0.000929 75
1.006953 15
0.000762 3
0.000338 28
0.001363 150
0.000489 142
0.000172 27
0.000047 6
0.003006 38
0.020023 19
0.002838 306
0.000099 7
0.000543 8
2.122982 1
0.003354 20
0.000160 42
0.126390 30
0.003394 27
0.222748 25
0.004213 42
0.102269 30
1.695542 67
0.002978 22
0.197252 85
0.003296 51
0.741835 65
0.002043 62
0.351709 79
0.003028 27
1.442079 25
0.004799 42
0.101641 30
0.105704 30
0.437354 30
0.112470 30
0.301665 30
2.426845 32
0.499880 32
0.030886 32
0.032925 32
0.030201 32
0.025854 43
0.001950 27
0.033700 20
0.000242 20
0.000244 42
0.030005 63
0.988596 1
0.003086 20
0.000158 42
0.059114 30
0.001911 27
0.744107 42
0.003134 61
0.325759 7
0.000162 8
0.002711 3
0.000093 13
0.000020 13
0.001623 644
0.000057 89
0.000008 276
0.000017 68
0.000007 2
0.000413 142
0.000061 33
0.002698 38
0.015588 19
0.000796 302
0.000078 7
0.000488 8
1.944642 1
0.007367 62
0.194590 79
0.002264 27
0.092611 25
0.002201 26
0.127201 1
0.003359 11
0.235400 7
0.000361 8
0.002297 10
0.000278 9
0.000004 7
0.013481 990
0.001606 175
0.002670 38
0.020984 17
0.001526 2
0.000913 302
0.000181 7
0.000696 8
3.112028 1
0.006628 56
0.307694 30
0.003319 27
0.085861 25
0.002720 42
0.160233 30
0.003097 49
0.521329 7
0.000177 8
0.001712 3
0.000244 18
